SNAPSHOT_SEQ,TIMESTAMP,EQUITY
0,2025-07-14 15:30:00,1000000.0
1,2025-07-15 09:18:14,1000000.0
2,2025-07-15 09:22:45,1000000.0
3,2025-07-15 09:27:15,990550.0
4,2025-07-15 09:31:45,970750.0
5,2025-07-15 09:37:15,953350.0
6,2025-07-15 09:41:45,985750.0
7,2025-07-15 09:46:15,1015450.0
8,2025-07-15 09:50:45,980350.0
9,2025-07-15 09:55:16,980350.0
10,2025-07-15 09:58:46,980350.0
11,2025-07-15 10:03:16,980350.0
12,2025-07-15 10:08:16,980350.0
13,2025-07-15 10:12:46,980350.0
14,2025-07-15 10:17:16,980350.0
15,2025-07-15 10:22:47,980350.0
16,2025-07-15 10:27:47,980350.0
17,2025-07-15 10:31:47,980350.0
18,2025-07-15 10:36:17,980350.0
19,2025-07-15 10:40:47,980350.0
20,2025-07-15 10:44:17,980350.0
21,2025-07-15 10:48:47,980350.0
22,2025-07-15 10:53:17,980350.0
23,2025-07-15 10:57:48,980350.0
24,2025-07-15 11:02:18,980350.0
25,2025-07-15 11:06:48,980350.0
26,2025-07-15 11:11:18,980350.0
27,2025-07-15 11:15:48,980350.0
28,2025-07-15 11:20:18,980350.0
29,2025-07-15 11:25:18,980350.0
30,2025-07-15 11:29:19,980350.0
31,2025-07-15 11:33:49,980350.0
32,2025-07-15 11:38:19,980350.0
33,2025-07-15 11:44:19,980350.0
34,2025-07-15 11:48:49,980350.0
35,2025-07-15 11:54:19,980350.0
36,2025-07-15 11:58:20,980350.0
37,2025-07-15 12:03:20,980350.0
38,2025-07-15 12:07:50,980350.0
39,2025-07-15 12:11:50,980350.0
40,2025-07-15 12:16:50,980350.0
41,2025-07-15 12:22:20,980350.0
42,2025-07-15 12:26:50,980350.0
43,2025-07-15 12:31:51,980350.0
44,2025-07-15 12:35:21,980350.0
45,2025-07-15 12:39:21,980350.0
46,2025-07-15 12:44:21,980350.0
47,2025-07-15 12:48:51,980350.0
48,2025-07-15 12:51:51,980350.0
49,2025-07-15 12:56:51,980350.0
50,2025-07-15 13:01:21,980350.0
51,2025-07-15 13:05:52,980350.0
52,2025-07-15 13:10:52,980350.0
53,2025-07-15 13:15:22,980350.0
54,2025-07-15 13:19:52,980350.0
55,2025-07-15 13:24:22,980350.0
56,2025-07-15 13:28:52,980350.0
57,2025-07-15 13:34:53,980350.0
58,2025-07-15 13:39:23,980350.0
59,2025-07-15 13:43:53,980350.0
60,2025-07-15 13:48:23,980350.0
61,2025-07-15 13:51:53,980350.0
62,2025-07-15 13:56:53,980350.0
63,2025-07-15 14:01:23,980350.0
64,2025-07-15 14:05:54,980350.0
65,2025-07-15 14:09:24,980350.0
66,2025-07-15 14:13:24,980350.0
67,2025-07-15 14:18:24,980350.0
68,2025-07-15 14:22:54,980350.0
69,2025-07-15 14:26:54,980350.0
70,2025-07-15 14:32:54,980350.0
71,2025-07-15 14:36:24,980350.0
72,2025-07-15 14:41:55,980350.0
73,2025-07-15 14:45:25,980350.0
74,2025-07-15 14:49:55,980350.0
75,2025-07-15 14:52:25,980350.0
76,2025-07-15 15:04:25,980350.0
77,2025-07-15 15:10:56,980350.0
78,2025-07-15 15:15:26,980350.0
79,2025-07-15 15:20:26,980350.0
80,2025-07-15 15:24:56,980350.0
81,2025-07-15 15:28:56,980350.0
82,2025-07-15 15:30:00,980350.0
83,2025-07-16 09:16:44,980350.0
84,2025-07-16 09:21:14,980350.0
85,2025-07-16 09:25:15,1010050.0
86,2025-07-16 09:30:15,1006150.0
87,2025-07-16 09:34:45,979600.0
88,2025-07-16 09:40:15,972100.0
89,2025-07-16 09:44:45,967000.0
90,2025-07-16 09:49:15,960250.0
91,2025-07-16 09:53:45,963700.0
92,2025-07-16 09:58:16,947350.0
93,2025-07-16 10:03:16,932500.0
94,2025-07-16 10:08:46,924400.0
95,2025-07-16 10:13:16,919600.0
96,2025-07-16 10:17:46,926950.0
97,2025-07-16 10:22:16,933700.0
98,2025-07-16 10:27:17,936250.0
99,2025-07-16 10:31:17,935800.0
100,2025-07-16 10:36:17,912550.0
101,2025-07-16 10:40:47,910750.0
102,2025-07-16 10:45:17,904600.0
103,2025-07-16 10:50:17,899350.0
104,2025-07-16 10:54:47,908500.0
105,2025-07-16 10:59:18,911500.0
106,2025-07-16 11:03:48,920800.0
107,2025-07-16 11:08:48,916900.0
108,2025-07-16 11:13:18,916000.0
109,2025-07-16 11:18:18,908500.0
110,2025-07-16 11:22:18,908500.0
111,2025-07-16 11:27:18,908500.0
112,2025-07-16 11:31:49,908500.0
113,2025-07-16 11:36:19,908500.0
114,2025-07-16 11:40:49,908500.0
115,2025-07-16 11:45:19,908500.0
116,2025-07-16 11:49:49,908500.0
117,2025-07-16 11:54:19,908500.0
118,2025-07-16 11:58:49,908500.0
119,2025-07-16 12:03:20,908500.0
120,2025-07-16 12:07:50,908500.0
121,2025-07-16 12:12:50,908500.0
122,2025-07-16 12:17:20,908500.0
123,2025-07-16 12:21:50,908500.0
124,2025-07-16 12:26:20,908500.0
125,2025-07-16 12:30:50,908500.0
126,2025-07-16 12:35:21,908500.0
127,2025-07-16 12:39:51,908500.0
128,2025-07-16 12:44:21,908500.0
129,2025-07-16 12:48:51,908500.0
130,2025-07-16 12:53:21,908500.0
131,2025-07-16 12:59:21,908500.0
132,2025-07-16 13:03:51,908500.0
133,2025-07-16 13:08:22,908500.0
134,2025-07-16 13:13:22,908500.0
135,2025-07-16 13:17:52,908500.0
136,2025-07-16 13:22:22,908500.0
137,2025-07-16 13:26:52,908500.0
138,2025-07-16 13:31:22,908500.0
139,2025-07-16 13:35:52,908500.0
140,2025-07-16 13:40:23,908500.0
141,2025-07-16 13:44:53,908500.0
142,2025-07-16 13:48:23,910900.0
143,2025-07-16 13:54:23,913000.0
144,2025-07-16 13:58:53,919750.0
145,2025-07-16 14:03:23,912850.0
146,2025-07-16 14:07:53,919450.0
147,2025-07-16 14:12:24,941350.0
148,2025-07-16 14:17:54,927700.0
149,2025-07-16 14:22:24,927700.0
150,2025-07-16 14:26:54,927700.0
151,2025-07-16 14:31:24,927700.0
152,2025-07-16 14:36:24,927700.0
153,2025-07-16 14:40:55,927700.0
154,2025-07-16 14:45:25,927700.0
155,2025-07-16 14:49:55,927700.0
156,2025-07-16 14:54:25,927700.0
157,2025-07-16 14:58:55,927700.0
158,2025-07-16 15:04:25,927700.0
159,2025-07-16 15:08:55,927700.0
160,2025-07-16 15:14:56,927700.0
161,2025-07-16 15:19:26,927700.0
162,2025-07-16 15:23:56,927700.0
163,2025-07-16 15:28:56,927700.0
164,2025-07-16 15:30:00,927700.0
165,2025-07-17 09:18:14,927700.0
166,2025-07-17 09:22:14,927700.0
167,2025-07-17 09:28:14,927700.0
168,2025-07-17 09:32:45,927700.0
169,2025-07-17 09:36:44,927700.0
170,2025-07-17 09:41:45,927700.0
171,2025-07-17 09:45:45,927700.0
172,2025-07-17 09:50:15,927700.0
173,2025-07-17 09:53:45,927700.0
174,2025-07-17 09:59:45,927700.0
175,2025-07-17 10:03:15,927700.0
176,2025-07-17 10:08:46,927700.0
177,2025-07-17 10:12:16,927700.0
178,2025-07-17 10:16:16,927700.0
179,2025-07-17 10:20:46,927700.0
180,2025-07-17 10:25:16,927700.0
181,2025-07-17 10:29:35,927700.0
182,2025-07-17 10:34:46,927700.0
183,2025-07-17 10:39:17,927700.0
184,2025-07-17 10:43:47,927700.0
185,2025-07-17 10:47:17,927700.0
186,2025-07-17 10:51:17,927700.0
187,2025-07-17 10:56:17,927700.0
188,2025-07-17 11:00:47,927700.0
189,2025-07-17 11:05:17,927700.0
190,2025-07-17 11:08:48,927700.0
191,2025-07-17 11:14:18,927700.0
192,2025-07-17 11:18:48,927700.0
193,2025-07-17 11:22:18,927700.0
194,2025-07-17 11:27:18,927700.0
195,2025-07-17 11:31:48,927700.0
196,2025-07-17 11:36:18,927700.0
197,2025-07-17 11:40:49,927700.0
198,2025-07-17 11:45:19,927700.0
199,2025-07-17 11:50:19,927700.0
200,2025-07-17 11:54:19,927700.0
201,2025-07-17 11:59:19,927700.0
202,2025-07-17 12:03:49,927700.0
203,2025-07-17 12:08:19,927700.0
204,2025-07-17 12:12:50,927700.0
205,2025-07-17 12:17:20,927700.0
206,2025-07-17 12:21:50,927700.0
207,2025-07-17 12:26:20,927700.0
208,2025-07-17 12:30:50,927700.0
209,2025-07-17 12:35:20,927700.0
210,2025-07-17 12:39:50,927700.0
211,2025-07-17 12:44:21,927700.0
212,2025-07-17 12:49:21,927700.0
213,2025-07-17 12:54:51,927700.0
214,2025-07-17 12:59:21,927700.0
215,2025-07-17 13:03:51,927700.0
216,2025-07-17 13:08:21,927700.0
217,2025-07-17 13:12:51,927700.0
218,2025-07-17 13:17:22,927700.0
219,2025-07-17 13:21:52,927700.0
220,2025-07-17 13:26:22,927700.0
221,2025-07-17 13:32:22,927700.0
222,2025-07-17 13:35:52,927700.0
223,2025-07-17 13:40:22,927700.0
224,2025-07-17 13:44:52,927700.0
225,2025-07-17 13:49:23,927700.0
226,2025-07-17 13:53:53,927700.0
227,2025-07-17 13:58:23,927700.0
228,2025-07-17 14:04:23,927700.0
229,2025-07-17 14:08:53,927700.0
230,2025-07-17 14:13:23,927700.0
231,2025-07-17 14:17:54,927700.0
232,2025-07-17 14:22:24,927700.0
233,2025-07-17 14:27:24,927700.0
234,2025-07-17 14:31:24,927700.0
235,2025-07-17 14:36:24,927700.0
236,2025-07-17 14:40:54,927700.0
237,2025-07-17 14:45:24,927700.0
238,2025-07-17 14:49:55,927700.0
239,2025-07-17 14:55:55,927700.0
240,2025-07-17 14:58:55,927700.0
241,2025-07-17 15:04:55,927700.0
242,2025-07-17 15:09:25,927700.0
243,2025-07-17 15:13:55,927700.0
244,2025-07-17 15:18:55,927700.0
245,2025-07-17 15:23:26,927700.0
246,2025-07-17 15:26:56,927700.0
247,2025-07-17 15:30:00,927700.0
248,2025-07-18 09:18:14,927700.0
249,2025-07-18 09:24:15,927700.0
250,2025-07-18 09:28:59,927700.0
251,2025-07-18 09:33:45,908800.0
252,2025-07-18 09:38:15,907300.0
253,2025-07-18 09:42:15,900550.0
254,2025-07-18 09:48:15,898900.0
255,2025-07-18 09:51:15,906700.0
256,2025-07-18 09:57:16,899350.0
257,2025-07-18 10:00:46,883750.0
258,2025-07-18 10:05:16,870850.0
259,2025-07-18 10:10:46,864100.0
260,2025-07-18 10:15:16,857050.0
261,2025-07-18 10:19:46,820000.0
262,2025-07-18 10:24:46,815950.0
263,2025-07-18 10:29:17,814150.0
264,2025-07-18 10:33:47,796000.0
265,2025-07-18 10:37:17,803350.0
266,2025-07-18 10:41:47,794650.0
267,2025-07-18 10:46:17,793150.0
268,2025-07-18 10:50:47,801100.0
269,2025-07-18 10:55:17,802750.0
270,2025-07-18 10:59:48,787600.0
271,2025-07-18 11:04:18,787600.0
272,2025-07-18 11:09:18,787600.0
273,2025-07-18 11:13:18,784450.0
274,2025-07-18 11:18:18,783250.0
275,2025-07-18 11:22:48,785650.0
276,2025-07-18 11:27:18,800650.0
277,2025-07-18 11:30:49,790750.0
278,2025-07-18 11:35:19,773650.0
279,2025-07-18 11:40:19,773650.0
280,2025-07-18 11:44:49,794650.0
281,2025-07-18 11:50:19,758800.0
282,2025-07-18 11:54:49,751150.0
283,2025-07-18 12:00:19,751150.0
284,2025-07-18 12:04:50,751150.0
285,2025-07-18 12:08:20,751150.0
286,2025-07-18 12:13:50,751150.0
287,2025-07-18 12:17:20,751150.0
288,2025-07-18 12:21:50,751150.0
289,2025-07-18 12:26:50,751150.0
290,2025-07-18 12:31:20,751150.0
291,2025-07-18 12:36:51,751150.0
292,2025-07-18 12:41:21,751150.0
293,2025-07-18 12:45:51,751150.0
294,2025-07-18 12:50:21,751150.0
295,2025-07-18 12:56:21,751150.0
296,2025-07-18 13:00:51,751150.0
297,2025-07-18 13:06:22,751150.0
298,2025-07-18 13:09:52,751150.0
299,2025-07-18 13:15:22,751150.0
300,2025-07-18 13:19:52,751150.0
301,2025-07-18 13:24:22,751150.0
302,2025-07-18 13:29:22,751150.0
303,2025-07-18 13:33:52,751150.0
304,2025-07-18 13:38:53,751150.0
305,2025-07-18 13:43:23,751150.0
306,2025-07-18 13:47:53,751150.0
307,2025-07-18 13:52:23,751150.0
308,2025-07-18 13:56:53,751150.0
309,2025-07-18 14:01:23,751150.0
310,2025-07-18 14:06:23,751150.0
311,2025-07-18 14:10:54,751150.0
312,2025-07-18 14:15:24,751150.0
313,2025-07-18 14:19:54,751150.0
314,2025-07-18 14:24:54,751150.0
315,2025-07-18 14:30:24,751150.0
316,2025-07-18 14:34:54,751150.0
317,2025-07-18 14:39:24,751150.0
318,2025-07-18 14:43:55,751150.0
319,2025-07-18 14:49:55,751150.0
320,2025-07-18 14:54:25,751150.0
321,2025-07-18 14:59:25,751150.0
322,2025-07-18 15:03:25,751150.0
323,2025-07-18 15:06:55,751150.0
324,2025-07-18 15:12:56,751150.0
325,2025-07-18 15:16:26,751150.0
326,2025-07-18 15:21:56,751150.0
327,2025-07-18 15:26:26,751150.0
328,2025-07-18 15:30:00,751150.0
329,2025-07-21 09:25:25,751150.0
330,2025-07-21 09:28:29,751150.0
331,2025-07-21 09:30:12,751150.0
332,2025-07-21 09:40:46,751150.0
333,2025-07-21 09:45:16,751150.0
334,2025-07-21 09:49:46,751150.0
335,2025-07-21 09:54:16,751150.0
336,2025-07-21 09:58:46,751150.0
337,2025-07-21 10:03:17,751150.0
338,2025-07-21 10:07:47,751150.0
339,2025-07-21 10:12:17,751150.0
340,2025-07-21 10:16:47,751150.0
341,2025-07-21 10:22:47,751150.0
342,2025-07-21 10:27:17,747250.0
343,2025-07-21 10:31:47,734050.0
344,2025-07-21 10:36:18,739150.0
345,2025-07-21 10:41:48,734200.0
346,2025-07-21 10:46:18,751000.0
347,2025-07-21 10:51:48,755200.0
348,2025-07-21 10:56:18,740050.0
349,2025-07-21 11:00:48,740050.0
350,2025-07-21 11:06:19,740050.0
351,2025-07-21 11:10:49,740050.0
352,2025-07-21 11:15:19,740050.0
353,2025-07-21 11:20:49,740050.0
354,2025-07-21 11:25:19,740050.0
355,2025-07-21 11:29:49,740050.0
356,2025-07-21 11:34:19,740050.0
357,2025-07-21 11:39:50,740050.0
358,2025-07-21 11:44:20,740050.0
359,2025-07-21 11:48:50,740050.0
360,2025-07-21 11:53:50,740050.0
361,2025-07-21 11:59:20,740050.0
362,2025-07-21 12:03:50,740050.0
363,2025-07-21 12:08:20,731050.0
364,2025-07-21 12:14:21,739450.0
365,2025-07-21 12:18:51,724150.0
366,2025-07-21 12:22:51,739000.0
367,2025-07-21 12:27:51,743050.0
368,2025-07-21 12:32:21,724900.0
369,2025-07-21 12:36:51,724900.0
370,2025-07-21 12:41:22,724900.0
371,2025-07-21 12:45:52,724900.0
372,2025-07-21 12:50:22,724900.0
373,2025-07-21 12:54:52,724900.0
374,2025-07-21 12:59:04,724900.0
375,2025-07-21 13:04:52,724900.0
376,2025-07-21 13:09:22,724900.0
377,2025-07-21 13:13:53,724900.0
378,2025-07-21 13:18:23,724900.0
379,2025-07-21 13:24:23,724900.0
380,2025-07-21 13:28:53,724900.0
381,2025-07-21 13:32:53,724900.0
382,2025-07-21 13:37:23,724900.0
383,2025-07-21 13:43:23,724900.0
384,2025-07-21 13:47:24,724900.0
385,2025-07-21 13:53:24,724900.0
386,2025-07-21 13:57:54,724900.0
387,2025-07-21 14:02:24,724900.0
388,2025-07-21 14:06:54,724900.0
389,2025-07-21 14:11:24,724900.0
390,2025-07-21 14:15:24,724900.0
391,2025-07-21 14:19:55,724900.0
392,2025-07-21 14:24:55,724900.0
393,2025-07-21 14:30:25,724900.0
394,2025-07-21 14:33:55,724900.0
395,2025-07-21 14:39:25,724900.0
396,2025-07-21 14:42:55,724900.0
397,2025-07-21 14:47:25,724900.0
398,2025-07-21 14:52:56,724900.0
399,2025-07-21 14:57:26,724900.0
400,2025-07-21 15:02:26,724900.0
401,2025-07-21 15:07:26,724900.0
402,2025-07-21 15:12:26,724900.0
403,2025-07-21 15:17:56,724900.0
404,2025-07-21 15:22:27,724900.0
405,2025-07-21 15:27:27,724900.0
406,2025-07-21 15:30:00,724900.0
407,2025-07-22 09:17:45,724900.0
408,2025-07-22 09:22:45,724900.0
409,2025-07-22 09:27:15,724900.0
410,2025-07-22 09:31:45,724900.0
411,2025-07-22 09:36:15,724900.0
412,2025-07-22 09:40:46,724900.0
413,2025-07-22 09:45:16,724900.0
414,2025-07-22 09:49:46,724900.0
415,2025-07-22 09:55:46,700900.0
416,2025-07-22 10:00:16,692800.0
417,2025-07-22 10:04:46,685150.0
418,2025-07-22 10:09:16,679000.0
419,2025-07-22 10:14:47,703600.0
420,2025-07-22 10:19:17,717700.0
421,2025-07-22 10:23:47,713050.0
422,2025-07-22 10:28:17,690100.0
423,2025-07-22 10:33:47,683050.0
424,2025-07-22 10:38:17,683050.0
425,2025-07-22 10:42:47,683050.0
426,2025-07-22 10:48:18,683050.0
427,2025-07-22 10:52:48,683050.0
428,2025-07-22 10:57:18,683050.0
429,2025-07-22 11:02:48,683050.0
430,2025-07-22 11:07:18,683050.0
431,2025-07-22 11:11:48,683050.0
432,2025-07-22 11:17:49,683050.0
433,2025-07-22 11:21:49,683050.0
434,2025-07-22 11:27:19,683050.0
435,2025-07-22 11:31:49,683050.0
436,2025-07-22 11:36:19,683050.0
437,2025-07-22 11:41:49,683050.0
438,2025-07-22 11:46:19,683050.0
439,2025-07-22 11:50:50,683050.0
440,2025-07-22 11:56:20,683050.0
441,2025-07-22 12:00:50,683050.0
442,2025-07-22 12:05:20,683050.0
443,2025-07-22 12:09:50,683050.0
444,2025-07-22 12:14:20,683050.0
445,2025-07-22 12:18:51,683050.0
446,2025-07-22 12:23:21,683050.0
447,2025-07-22 12:28:51,683050.0
448,2025-07-22 12:32:21,683050.0
449,2025-07-22 12:36:51,683050.0
450,2025-07-22 12:41:21,683050.0
451,2025-07-22 12:47:21,683050.0
452,2025-07-22 12:51:52,683050.0
453,2025-07-22 12:56:13,683050.0
454,2025-07-22 13:00:22,683050.0
455,2025-07-22 13:04:52,683050.0
456,2025-07-22 13:09:52,683050.0
457,2025-07-22 13:15:22,683050.0
458,2025-07-22 13:19:52,683050.0
459,2025-07-22 13:24:23,683050.0
460,2025-07-22 13:28:53,683050.0
461,2025-07-22 13:33:23,683050.0
462,2025-07-22 13:39:23,683050.0
463,2025-07-22 13:43:23,683050.0
464,2025-07-22 13:48:23,683050.0
465,2025-07-22 13:53:53,683050.0
466,2025-07-22 13:58:24,683050.0
467,2025-07-22 14:03:54,683050.0
468,2025-07-22 14:08:24,683050.0
469,2025-07-22 14:13:24,683050.0
470,2025-07-22 14:18:24,683050.0
471,2025-07-22 14:23:24,683050.0
472,2025-07-22 14:27:25,683050.0
473,2025-07-22 14:31:55,683050.0
474,2025-07-22 14:41:25,683050.0
475,2025-07-22 14:46:25,683050.0
476,2025-07-22 14:50:55,683050.0
477,2025-07-22 14:54:55,683050.0
478,2025-07-22 14:59:26,683050.0
479,2025-07-22 15:05:17,683050.0
480,2025-07-22 15:09:56,683050.0
481,2025-07-22 15:14:26,683050.0
482,2025-07-22 15:18:56,683050.0
483,2025-07-22 15:24:26,683050.0
484,2025-07-22 15:28:56,683050.0
485,2025-07-22 15:30:00,683050.0
486,2025-07-23 09:17:44,683050.0
487,2025-07-23 09:23:14,683050.0
488,2025-07-23 09:27:44,659800.0
489,2025-07-23 09:33:14,647800.0
490,2025-07-23 09:37:45,635800.0
491,2025-07-23 09:42:15,627550.0
492,2025-07-23 09:46:45,618700.0
493,2025-07-23 09:52:45,640900.0
494,2025-07-23 09:56:45,633400.0
495,2025-07-23 10:01:15,633400.0
496,2025-07-23 10:07:16,633400.0
497,2025-07-23 10:11:16,633400.0
498,2025-07-23 10:16:16,633400.0
499,2025-07-23 10:20:46,633400.0
500,2025-07-23 10:25:16,633400.0
501,2025-07-23 10:29:46,633400.0
502,2025-07-23 10:34:16,633400.0
503,2025-07-23 10:38:47,633400.0
504,2025-07-23 10:43:17,633400.0
505,2025-07-23 10:47:47,633400.0
506,2025-07-23 10:52:47,633400.0
507,2025-07-23 10:56:47,633400.0
508,2025-07-23 11:01:17,633400.0
509,2025-07-23 11:06:59,633400.0
510,2025-07-23 11:11:18,633400.0
511,2025-07-23 11:16:18,633400.0
512,2025-07-23 11:20:48,642100.0
513,2025-07-23 11:25:18,636550.0
514,2025-07-23 11:29:48,635200.0
515,2025-07-23 11:34:18,635200.0
516,2025-07-23 11:38:48,635200.0
517,2025-07-23 11:42:49,635200.0
518,2025-07-23 11:48:49,635200.0
519,2025-07-23 11:53:19,635200.0
520,2025-07-23 11:58:19,635200.0
521,2025-07-23 12:02:19,635200.0
522,2025-07-23 12:06:49,635200.0
523,2025-07-23 12:11:19,635200.0
524,2025-07-23 12:15:50,635200.0
525,2025-07-23 12:20:20,635200.0
526,2025-07-23 12:25:50,635200.0
527,2025-07-23 12:30:50,635200.0
528,2025-07-23 12:35:20,635200.0
529,2025-07-23 12:40:50,635200.0
530,2025-07-23 12:45:21,635200.0
531,2025-07-23 12:49:51,635200.0
532,2025-07-23 12:54:21,635200.0
533,2025-07-23 12:59:21,635200.0
534,2025-07-23 13:04:12,635200.0
535,2025-07-23 13:10:21,635200.0
536,2025-07-23 13:14:51,635200.0
537,2025-07-23 13:19:22,635200.0
538,2025-07-23 13:24:22,635200.0
539,2025-07-23 13:28:52,635200.0
540,2025-07-23 13:32:52,635200.0
541,2025-07-23 13:37:52,635200.0
542,2025-07-23 13:41:52,635200.0
543,2025-07-23 13:46:22,635200.0
544,2025-07-23 13:50:53,635200.0
545,2025-07-23 13:56:53,635200.0
546,2025-07-23 14:00:23,635200.0
547,2025-07-23 14:04:36,635200.0
548,2025-07-23 14:10:23,635200.0
549,2025-07-23 14:13:53,635200.0
550,2025-07-23 14:18:53,635200.0
551,2025-07-23 14:23:24,635200.0
552,2025-07-23 14:27:54,635200.0
553,2025-07-23 14:32:24,635200.0
554,2025-07-23 14:38:24,635200.0
555,2025-07-23 14:42:54,635200.0
556,2025-07-23 14:47:24,635200.0
557,2025-07-23 14:51:55,635200.0
558,2025-07-23 14:56:25,635200.0
559,2025-07-23 15:02:25,635200.0
560,2025-07-23 15:06:55,635200.0
561,2025-07-23 15:11:25,635200.0
562,2025-07-23 15:16:25,635200.0
563,2025-07-23 15:20:55,635200.0
564,2025-07-23 15:26:26,635200.0
565,2025-07-23 15:30:00,635200.0
566,2025-07-24 09:19:14,635200.0
567,2025-07-24 09:23:44,635200.0
568,2025-07-24 09:29:15,635200.0
569,2025-07-24 09:33:45,635200.0
570,2025-07-24 09:39:15,635200.0
571,2025-07-24 09:44:45,635200.0
572,2025-07-24 09:49:45,635200.0
573,2025-07-24 09:55:15,635200.0
574,2025-07-24 09:59:45,635200.0
575,2025-07-24 10:04:16,635200.0
576,2025-07-24 10:09:16,635200.0
577,2025-07-24 10:13:16,635200.0
578,2025-07-24 10:19:16,635200.0
579,2025-07-24 10:23:46,635200.0
580,2025-07-24 10:28:16,635200.0
581,2025-07-24 10:32:47,635200.0
582,2025-07-24 10:38:17,635200.0
583,2025-07-24 10:43:17,635200.0
584,2025-07-24 10:47:17,635200.0
585,2025-07-24 10:51:47,635200.0
586,2025-07-24 10:57:17,635200.0
587,2025-07-24 11:02:17,635200.0
588,2025-07-24 11:06:18,635200.0
589,2025-07-24 11:12:18,635200.0
590,2025-07-24 11:16:48,635200.0
591,2025-07-24 11:21:18,635200.0
592,2025-07-24 11:25:48,635200.0
593,2025-07-24 11:30:18,635200.0
594,2025-07-24 11:34:48,635200.0
595,2025-07-24 11:39:19,635200.0
596,2025-07-24 11:43:49,635200.0
597,2025-07-24 11:48:19,635200.0
598,2025-07-24 11:52:49,635200.0
599,2025-07-24 11:57:19,635200.0
600,2025-07-24 12:03:19,635200.0
601,2025-07-24 12:07:19,635200.0
602,2025-07-24 12:12:20,635200.0
603,2025-07-24 12:16:50,635200.0
604,2025-07-24 12:21:20,635200.0
605,2025-07-24 12:25:50,635200.0
606,2025-07-24 12:31:50,635200.0
607,2025-07-24 12:36:20,635200.0
608,2025-07-24 12:40:51,635200.0
609,2025-07-24 12:46:21,635200.0
610,2025-07-24 12:51:21,635200.0
611,2025-07-24 12:56:51,635200.0
612,2025-07-24 13:01:21,635200.0
613,2025-07-24 13:05:51,635200.0
614,2025-07-24 13:10:21,635200.0
615,2025-07-24 13:14:52,635200.0
616,2025-07-24 13:19:22,635200.0
617,2025-07-24 13:24:22,635200.0
618,2025-07-24 13:29:52,635200.0
619,2025-07-24 13:34:22,635200.0
620,2025-07-24 13:38:52,635200.0
621,2025-07-24 13:44:53,635200.0
622,2025-07-24 13:49:23,635200.0
623,2025-07-24 13:54:53,635200.0
624,2025-07-24 13:59:23,635200.0
625,2025-07-24 14:03:53,635200.0
626,2025-07-24 14:09:23,635200.0
627,2025-07-24 14:13:53,635200.0
628,2025-07-24 14:18:54,635200.0
629,2025-07-24 14:23:54,635200.0
630,2025-07-24 14:28:24,635200.0
631,2025-07-24 14:33:54,635200.0
632,2025-07-24 14:38:24,635200.0
633,2025-07-24 14:43:54,635200.0
634,2025-07-24 14:49:25,635200.0
635,2025-07-24 14:54:25,635200.0
636,2025-07-24 14:58:25,635200.0
637,2025-07-24 15:02:55,635200.0
638,2025-07-24 15:08:25,635200.0
639,2025-07-24 15:12:55,635200.0
640,2025-07-24 15:18:55,635200.0
641,2025-07-24 15:23:26,635200.0
642,2025-07-24 15:27:26,635200.0
643,2025-07-24 15:30:00,635200.0
644,2025-07-25 09:19:15,635200.0
645,2025-07-25 09:25:15,635200.0
646,2025-07-25 09:30:45,635200.0
647,2025-07-25 09:36:15,635200.0
648,2025-07-25 09:40:45,635200.0
649,2025-07-25 09:45:27,635200.0
650,2025-07-25 09:51:16,635200.0
651,2025-07-25 09:55:46,635200.0
652,2025-07-25 10:01:16,635200.0
653,2025-07-25 10:05:46,635200.0
654,2025-07-25 10:11:16,640300.0
655,2025-07-25 10:15:46,693400.0
656,2025-07-25 10:20:17,728350.0
657,2025-07-25 10:26:17,725650.0
658,2025-07-25 10:31:47,725650.0
659,2025-07-25 10:37:17,725650.0
660,2025-07-25 10:43:17,725650.0
661,2025-07-25 10:47:47,725650.0
662,2025-07-25 10:53:18,725650.0
663,2025-07-25 10:58:48,725650.0
664,2025-07-25 11:03:48,725650.0
665,2025-07-25 11:08:18,725650.0
666,2025-07-25 11:12:48,725650.0
667,2025-07-25 11:18:48,725650.0
668,2025-07-25 11:22:49,725650.0
669,2025-07-25 11:28:49,725650.0
670,2025-07-25 11:34:19,725650.0
671,2025-07-25 11:40:19,725650.0
672,2025-07-25 11:45:19,725650.0
673,2025-07-25 11:49:49,725650.0
674,2025-07-25 11:54:20,725650.0
675,2025-07-25 11:59:50,725650.0
676,2025-07-25 12:04:20,719950.0
677,2025-07-25 12:09:20,709150.0
678,2025-07-25 12:14:50,723400.0
679,2025-07-25 12:19:20,706150.0
680,2025-07-25 12:24:50,681250.0
681,2025-07-25 12:29:51,689350.0
682,2025-07-25 12:35:21,694150.0
683,2025-07-25 12:40:21,746500.0
684,2025-07-25 12:44:21,738700.0
685,2025-07-25 12:49:21,738700.0
686,2025-07-25 12:53:51,738700.0
687,2025-07-25 12:59:22,738700.0
688,2025-07-25 13:03:52,738700.0
689,2025-07-25 13:08:52,738700.0
690,2025-07-25 13:12:52,738700.0
691,2025-07-25 13:18:52,738700.0
692,2025-07-25 13:23:22,738700.0
693,2025-07-25 13:27:52,738700.0
694,2025-07-25 13:33:53,738700.0
695,2025-07-25 13:38:23,738700.0
696,2025-07-25 13:42:23,738700.0
697,2025-07-25 13:48:23,738700.0
698,2025-07-25 13:52:53,738700.0
699,2025-07-25 13:57:23,738700.0
700,2025-07-25 14:02:23,738700.0
701,2025-07-25 14:07:54,738700.0
702,2025-07-25 14:12:24,738700.0
703,2025-07-25 14:16:54,738700.0
704,2025-07-25 14:21:24,738700.0
705,2025-07-25 14:28:24,738700.0
706,2025-07-25 14:32:54,738700.0
707,2025-07-25 14:38:25,738700.0
708,2025-07-25 14:44:25,738700.0
709,2025-07-25 14:48:55,738700.0
710,2025-07-25 14:54:25,738700.0
711,2025-07-25 14:59:55,738700.0
712,2025-07-25 15:04:25,738700.0
713,2025-07-25 15:09:56,738700.0
714,2025-07-25 15:15:56,738700.0
715,2025-07-25 15:20:26,738700.0
716,2025-07-25 15:25:56,738700.0
717,2025-07-25 15:30:00,738700.0
718,2025-07-28 09:19:45,738700.0
719,2025-07-28 09:24:45,738700.0
720,2025-07-28 09:30:15,707650.0
721,2025-07-28 09:35:45,629800.0
722,2025-07-28 09:40:15,635950.0
723,2025-07-28 09:45:45,671200.0
724,2025-07-28 09:50:46,653650.0
725,2025-07-28 09:55:46,652300.0
726,2025-07-28 10:00:46,652300.0
727,2025-07-28 10:05:16,652300.0
728,2025-07-28 10:10:46,652300.0
729,2025-07-28 10:15:46,652300.0
730,2025-07-28 10:20:17,652300.0
731,2025-07-28 10:25:47,652300.0
732,2025-07-28 10:30:17,652300.0
733,2025-07-28 10:35:47,652300.0
734,2025-07-28 10:40:17,652300.0
735,2025-07-28 10:45:47,652300.0
736,2025-07-28 10:50:17,652300.0
737,2025-07-28 10:55:48,652300.0
738,2025-07-28 11:00:48,652300.0
739,2025-07-28 11:05:18,652300.0
740,2025-07-28 11:10:48,652300.0
741,2025-07-28 11:15:18,652300.0
742,2025-07-28 11:19:48,652300.0
743,2025-07-28 11:25:49,652300.0
744,2025-07-28 11:30:49,652300.0
745,2025-07-28 11:35:19,652300.0
746,2025-07-28 11:41:19,652300.0
747,2025-07-28 11:46:49,652300.0
748,2025-07-28 11:52:19,652300.0
749,2025-07-28 11:56:50,652300.0
750,2025-07-28 12:02:20,652300.0
751,2025-07-28 12:06:50,652300.0
752,2025-07-28 12:12:20,652300.0
753,2025-07-28 12:17:50,652300.0
754,2025-07-28 12:23:20,652300.0
755,2025-07-28 12:28:51,652300.0
756,2025-07-28 12:34:51,652300.0
757,2025-07-28 12:39:21,652300.0
758,2025-07-28 12:44:51,652300.0
759,2025-07-28 12:50:21,652300.0
760,2025-07-28 12:54:51,652300.0
761,2025-07-28 13:00:52,652300.0
762,2025-07-28 13:05:22,652300.0
763,2025-07-28 13:10:52,652300.0
764,2025-07-28 13:16:22,652300.0
765,2025-07-28 13:21:22,652300.0
766,2025-07-28 13:25:52,649750.0
767,2025-07-28 13:31:23,663400.0
768,2025-07-28 13:36:53,705550.0
769,2025-07-28 13:41:23,682300.0
770,2025-07-28 13:47:23,690100.0
771,2025-07-28 13:51:53,665800.0
772,2025-07-28 13:57:23,679900.0
773,2025-07-28 14:02:54,690400.0
774,2025-07-28 14:06:54,714400.0
775,2025-07-28 14:12:51,684550.0
776,2025-07-28 14:18:54,684550.0
777,2025-07-28 14:23:24,689800.0
778,2025-07-28 14:28:54,685000.0
779,2025-07-28 14:33:55,682000.0
780,2025-07-28 14:39:25,682000.0
781,2025-07-28 14:45:55,682000.0
782,2025-07-28 14:50:55,682000.0
783,2025-07-28 14:55:55,682000.0
784,2025-07-28 15:01:09,682000.0
785,2025-07-28 15:07:26,682000.0
786,2025-07-28 15:12:56,682000.0
787,2025-07-28 15:17:26,682000.0
788,2025-07-28 15:23:26,682000.0
789,2025-07-28 15:27:56,682000.0
790,2025-07-28 15:30:00,682000.0
791,2025-07-29 09:19:45,682000.0
792,2025-07-29 09:24:15,682000.0
793,2025-07-29 09:30:15,682000.0
794,2025-07-29 09:34:45,682000.0
795,2025-07-29 09:40:15,682000.0
796,2025-07-29 09:44:46,670300.0
797,2025-07-29 09:50:16,673900.0
798,2025-07-29 09:54:46,653950.0
799,2025-07-29 10:00:46,660550.0
800,2025-07-29 10:04:46,650500.0
801,2025-07-29 10:10:46,650500.0
802,2025-07-29 10:14:56,650500.0
803,2025-07-29 10:19:47,650500.0
804,2025-07-29 10:25:17,650500.0
805,2025-07-29 10:29:17,650500.0
806,2025-07-29 10:33:47,650500.0
807,2025-07-29 10:39:17,650500.0
808,2025-07-29 10:44:18,650500.0
809,2025-07-29 10:49:18,650500.0
810,2025-07-29 10:55:18,650500.0
811,2025-07-29 11:01:18,650500.0
812,2025-07-29 11:05:48,650500.0
813,2025-07-29 11:11:18,650500.0
814,2025-07-29 11:15:49,650500.0
815,2025-07-29 11:21:19,650500.0
816,2025-07-29 11:26:49,650500.0
817,2025-07-29 11:31:19,650500.0
818,2025-07-29 11:36:19,650500.0
819,2025-07-29 11:41:49,650500.0
820,2025-07-29 11:47:19,650500.0
821,2025-07-29 11:52:20,632500.0
822,2025-07-29 11:57:50,641350.0
823,2025-07-29 12:02:20,628000.0
824,2025-07-29 12:07:50,629800.0
825,2025-07-29 12:13:20,607150.0
826,2025-07-29 12:18:50,607150.0
827,2025-07-29 12:23:21,607150.0
828,2025-07-29 12:27:51,607150.0
829,2025-07-29 12:33:21,607150.0
830,2025-07-29 12:39:21,607150.0
831,2025-07-29 12:44:51,607150.0
832,2025-07-29 12:49:21,607150.0
833,2025-07-29 12:54:52,607150.0
834,2025-07-29 12:59:22,607150.0
835,2025-07-29 13:04:52,607150.0
836,2025-07-29 13:09:52,607150.0
837,2025-07-29 13:15:22,607150.0
838,2025-07-29 13:19:52,607150.0
839,2025-07-29 13:25:23,607150.0
840,2025-07-29 13:30:53,607150.0
841,2025-07-29 13:36:23,607150.0
842,2025-07-29 13:42:23,607150.0
843,2025-07-29 13:46:53,622600.0
844,2025-07-29 13:52:23,621400.0
845,2025-07-29 13:57:54,655450.0
846,2025-07-29 14:02:24,684550.0
847,2025-07-29 14:07:54,679450.0
848,2025-07-29 14:13:54,679450.0
849,2025-07-29 14:19:24,679450.0
850,2025-07-29 14:24:54,679450.0
851,2025-07-29 14:30:25,679450.0
852,2025-07-29 14:36:25,679450.0
853,2025-07-29 14:41:55,679450.0
854,2025-07-29 14:47:25,679450.0
855,2025-07-29 14:53:25,679450.0
856,2025-07-29 14:58:42,679450.0
857,2025-07-29 15:03:26,679450.0
858,2025-07-29 15:09:56,679450.0
859,2025-07-29 15:15:56,679450.0
860,2025-07-29 15:21:26,679450.0
861,2025-07-29 15:27:26,679450.0
862,2025-07-29 15:30:00,679450.0
863,2025-07-30 09:19:45,679450.0
864,2025-07-30 09:25:45,679450.0
865,2025-07-30 09:30:45,679450.0
866,2025-07-30 09:36:45,679450.0
867,2025-07-30 09:41:15,679450.0
868,2025-07-30 09:46:46,679450.0
869,2025-07-30 09:53:46,679450.0
870,2025-07-30 09:59:16,679450.0
871,2025-07-30 10:03:46,679450.0
872,2025-07-30 10:09:16,679450.0
873,2025-07-30 10:14:47,679450.0
874,2025-07-30 10:19:17,679450.0
875,2025-07-30 10:24:47,679450.0
876,2025-07-30 10:29:17,679450.0
877,2025-07-30 10:35:17,679450.0
878,2025-07-30 10:40:47,679450.0
879,2025-07-30 10:44:47,679450.0
880,2025-07-30 10:50:18,679450.0
881,2025-07-30 10:49:48,679450.0
882,2025-07-30 11:00:48,679450.0
883,2025-07-30 11:06:18,679450.0
884,2025-07-30 11:10:26,679450.0
885,2025-07-30 11:16:18,679450.0
886,2025-07-30 11:20:49,679450.0
887,2025-07-30 11:26:19,679450.0
888,2025-07-30 11:31:49,679450.0
889,2025-07-30 11:37:49,679450.0
890,2025-07-30 11:43:19,679450.0
891,2025-07-30 11:47:49,679450.0
892,2025-07-30 11:53:20,679450.0
893,2025-07-30 11:58:50,679450.0
894,2025-07-30 12:04:20,679450.0
895,2025-07-30 12:10:20,679450.0
896,2025-07-30 12:15:20,679450.0
897,2025-07-30 12:21:21,679450.0
898,2025-07-30 12:27:21,679450.0
899,2025-07-30 12:32:51,679450.0
900,2025-07-30 12:38:21,679450.0
901,2025-07-30 12:43:51,679450.0
902,2025-07-30 12:49:21,679450.0
903,2025-07-30 12:53:52,679450.0
904,2025-07-30 12:59:52,679450.0
905,2025-07-30 13:05:22,679450.0
906,2025-07-30 13:10:52,679450.0
907,2025-07-30 13:15:22,679450.0
908,2025-07-30 13:22:22,679450.0
909,2025-07-30 13:27:53,679450.0
910,2025-07-30 13:33:23,679450.0
911,2025-07-30 13:38:53,679450.0
912,2025-07-30 13:44:23,679450.0
913,2025-07-30 13:51:23,679450.0
914,2025-07-30 13:55:53,679450.0
915,2025-07-30 14:01:24,679450.0
916,2025-07-30 14:06:54,679450.0
917,2025-07-30 14:12:54,679450.0
918,2025-07-30 14:17:54,679450.0
919,2025-07-30 14:22:54,679450.0
920,2025-07-30 14:28:24,679450.0
921,2025-07-30 14:32:55,679450.0
922,2025-07-30 14:38:25,679450.0
923,2025-07-30 14:44:55,679450.0
924,2025-07-30 14:50:55,679450.0
925,2025-07-30 14:55:25,679450.0
926,2025-07-30 15:00:56,679450.0
927,2025-07-30 15:06:56,679450.0
928,2025-07-30 15:12:26,679450.0
929,2025-07-30 15:17:56,679450.0
930,2025-07-30 15:23:56,679450.0
931,2025-07-30 15:27:56,679450.0
932,2025-07-30 15:30:00,679450.0
933,2025-07-31 09:15:44,679450.0
934,2025-07-31 09:19:44,679450.0
935,2025-07-31 09:25:44,679450.0
936,2025-07-31 09:31:14,679450.0
937,2025-07-31 09:36:45,679450.0
938,2025-07-31 09:42:15,679450.0
939,2025-07-31 09:48:15,679450.0
940,2025-07-31 09:55:15,679450.0
941,2025-07-31 10:00:45,679450.0
942,2025-07-31 10:06:16,679450.0
943,2025-07-31 10:11:46,679450.0
944,2025-07-31 10:18:46,679450.0
945,2025-07-31 10:23:16,679450.0
946,2025-07-31 10:28:46,679450.0
947,2025-07-31 10:34:16,679450.0
948,2025-07-31 10:40:17,679450.0
949,2025-07-31 10:45:47,679450.0
950,2025-07-31 10:52:17,679450.0
951,2025-07-31 10:58:17,679450.0
952,2025-07-31 11:03:47,679450.0
953,2025-07-31 11:09:48,679450.0
954,2025-07-31 11:13:48,679450.0
955,2025-07-31 11:19:48,679450.0
956,2025-07-31 11:25:18,679450.0
957,2025-07-31 11:30:48,679450.0
958,2025-07-31 11:35:18,679450.0
959,2025-07-31 11:41:19,679450.0
960,2025-07-31 11:46:49,679450.0
961,2025-07-31 11:52:49,679450.0
962,2025-07-31 11:58:19,679450.0
963,2025-07-31 12:03:49,679450.0
964,2025-07-31 12:09:19,679450.0
965,2025-07-31 12:16:20,679450.0
966,2025-07-31 12:21:20,679450.0
967,2025-07-31 12:27:20,679450.0
968,2025-07-31 12:32:50,679450.0
969,2025-07-31 12:39:50,679450.0
970,2025-07-31 12:45:21,679450.0
971,2025-07-31 12:50:51,679450.0
972,2025-07-31 12:56:51,679450.0
973,2025-07-31 13:02:21,679450.0
974,2025-07-31 13:07:51,679450.0
975,2025-07-31 13:13:21,679450.0
976,2025-07-31 13:19:22,679450.0
977,2025-07-31 13:24:52,679450.0
978,2025-07-31 13:30:22,679450.0
979,2025-07-31 13:36:22,679450.0
980,2025-07-31 13:41:52,679450.0
981,2025-07-31 13:47:22,679450.0
982,2025-07-31 13:53:23,679450.0
983,2025-07-31 13:58:53,679450.0
984,2025-07-31 14:05:53,679450.0
985,2025-07-31 14:11:23,679450.0
986,2025-07-31 14:16:53,679450.0
987,2025-07-31 14:22:54,679450.0
988,2025-07-31 14:28:24,679450.0
989,2025-07-31 14:33:54,679450.0
990,2025-07-31 14:39:54,679450.0
991,2025-07-31 14:45:24,679450.0
992,2025-07-31 14:52:25,679450.0
993,2025-07-31 14:57:55,679450.0
994,2025-07-31 15:04:55,679450.0
995,2025-07-31 15:10:55,679450.0
996,2025-07-31 15:17:25,679450.0
997,2025-07-31 15:24:26,679450.0
998,2025-07-31 15:30:00,679450.0
999,2025-08-01 09:15:14,679450.0
1000,2025-08-01 09:19:44,679450.0
1001,2025-08-01 09:25:14,679450.0
1002,2025-08-01 09:31:15,679450.0
1003,2025-08-01 09:36:45,679450.0
1004,2025-08-01 09:41:15,679450.0
1005,2025-08-01 09:46:45,679450.0
1006,2025-08-01 09:52:15,679450.0
1007,2025-08-01 09:57:45,679450.0
1008,2025-08-01 10:02:16,679450.0
1009,2025-08-01 10:08:16,679450.0
1010,2025-08-01 10:13:46,721899.9999999999
1011,2025-08-01 10:19:16,726250.0
1012,2025-08-01 10:25:16,754899.9999999999
1013,2025-08-01 10:30:46,759250.0
1014,2025-08-01 10:36:17,781899.9999999999
1015,2025-08-01 10:41:47,755200.0
1016,2025-08-01 10:47:17,755200.0
1017,2025-08-01 10:51:47,765100.0
1018,2025-08-01 10:57:47,767500.0
1019,2025-08-01 11:02:17,731200.0
1020,2025-08-01 11:08:48,777100.0
1021,2025-08-01 11:13:18,817900.0
1022,2025-08-01 11:18:48,853300.0
1023,2025-08-01 11:24:48,834250.0
1024,2025-08-01 11:29:48,834250.0
1025,2025-08-01 11:35:49,834250.0
1026,2025-08-01 11:41:19,834250.0
1027,2025-08-01 11:46:49,834250.0
1028,2025-08-01 11:51:19,834250.0
1029,2025-08-01 11:56:49,834250.0
1030,2025-08-01 12:02:19,834250.0
1031,2025-08-01 12:08:20,834250.0
1032,2025-08-01 12:13:50,834250.0
1033,2025-08-01 12:19:20,834250.0
1034,2025-08-01 12:24:50,834250.0
1035,2025-08-01 12:30:50,834250.0
1036,2025-08-01 12:34:50,834250.0
1037,2025-08-01 12:40:51,834250.0
1038,2025-08-01 12:46:21,834250.0
1039,2025-08-01 12:51:21,834250.0
1040,2025-08-01 12:56:51,834250.0
1041,2025-08-01 13:02:21,834250.0
1042,2025-08-01 13:06:51,834250.0
1043,2025-08-01 13:12:22,834250.0
1044,2025-08-01 13:18:22,834250.0
1045,2025-08-01 13:22:52,834250.0
1046,2025-08-01 13:27:22,834250.0
1047,2025-08-01 13:32:52,834250.0
1048,2025-08-01 13:38:22,834250.0
1049,2025-08-01 13:44:23,834250.0
1050,2025-08-01 13:48:53,834250.0
1051,2025-08-01 13:54:23,834250.0
1052,2025-08-01 13:59:53,834250.0
1053,2025-08-01 14:05:23,834250.0
1054,2025-08-01 14:11:23,834250.0
1055,2025-08-01 14:15:54,834250.0
1056,2025-08-01 14:21:24,834250.0
1057,2025-08-01 14:26:54,834250.0
1058,2025-08-01 14:31:24,834250.0
1059,2025-08-01 14:36:54,834250.0
1060,2025-08-01 14:42:54,834250.0
1061,2025-08-01 14:48:25,834250.0
1062,2025-08-01 14:54:25,834250.0
1063,2025-08-01 14:58:55,834250.0
1064,2025-08-01 15:04:25,834250.0
1065,2025-08-01 15:08:55,834250.0
1066,2025-08-01 15:14:25,834250.0
1067,2025-08-01 15:19:56,834250.0
1068,2025-08-01 15:24:56,834250.0
1069,2025-08-01 15:30:00,834250.0
1070,2025-08-04 09:19:14,834250.0
1071,2025-08-04 09:34:15,834250.0
1072,2025-08-04 09:40:45,834250.0
1073,2025-08-04 09:56:45,768700.0
1074,2025-08-04 10:35:16,799450.0
1075,2025-08-04 10:43:17,830500.0
1076,2025-08-04 11:07:17,844750.0
1077,2025-08-04 11:11:48,833500.0
1078,2025-08-04 11:23:18,833500.0
1079,2025-08-04 11:39:18,833500.0
1080,2025-08-04 11:43:19,833500.0
1081,2025-08-04 12:04:49,833500.0
1082,2025-08-04 12:26:50,833500.0
1083,2025-08-04 12:37:17,833500.0
1084,2025-08-04 12:47:51,833500.0
1085,2025-08-04 13:12:21,833500.0
1086,2025-08-04 13:22:22,833500.0
1087,2025-08-04 13:29:22,833500.0
1088,2025-08-04 13:42:52,833500.0
1089,2025-08-04 13:50:53,833500.0
1090,2025-08-04 14:09:23,833500.0
1091,2025-08-04 14:14:53,833500.0
1092,2025-08-04 14:31:24,833500.0
1093,2025-08-04 14:36:54,833500.0
1094,2025-08-04 14:47:54,833500.0
1095,2025-08-04 14:58:55,833500.0
1096,2025-08-04 15:10:25,833500.0
1097,2025-08-04 15:24:26,833500.0
1098,2025-08-04 15:30:00,833500.0
1099,2025-08-05 09:19:14,833500.0
1100,2025-08-05 09:24:44,833500.0
1101,2025-08-05 09:30:44,844900.0
1102,2025-08-05 09:36:14,849550.0
1103,2025-08-05 09:40:44,913750.0
1104,2025-08-05 09:46:15,920500.0
1105,2025-08-05 09:51:15,939100.0
1106,2025-08-05 09:57:15,930250.0
1107,2025-08-05 10:01:45,930250.0
1108,2025-08-05 10:07:15,930250.0
1109,2025-08-05 10:12:15,930250.0
1110,2025-08-05 10:17:46,930250.0
1111,2025-08-05 10:22:16,930250.0
1112,2025-08-05 10:28:16,930250.0
1113,2025-08-05 10:33:46,930250.0
1114,2025-08-05 10:39:12,930250.0
1115,2025-08-05 10:44:46,930250.0
1116,2025-08-05 10:49:17,930250.0
1117,2025-08-05 10:54:47,930250.0
1118,2025-08-05 10:59:47,930250.0
1119,2025-08-05 11:05:17,930250.0
1120,2025-08-05 11:10:47,930250.0
1121,2025-08-05 11:16:17,930250.0
1122,2025-08-05 11:20:48,930250.0
1123,2025-08-05 11:26:48,930250.0
1124,2025-08-05 11:32:18,930250.0
1125,2025-08-05 11:36:48,930250.0
1126,2025-08-05 11:41:48,930250.0
1127,2025-08-05 11:47:48,930250.0
1128,2025-08-05 11:52:19,930250.0
1129,2025-08-05 11:56:49,930250.0
1130,2025-08-05 12:02:19,930250.0
1131,2025-08-05 12:07:49,930250.0
1132,2025-08-05 12:12:19,930250.0
1133,2025-08-05 12:17:49,930250.0
1134,2025-08-05 12:22:20,930250.0
1135,2025-08-05 12:28:20,930250.0
1136,2025-08-05 12:33:50,930250.0
1137,2025-08-05 12:39:20,930250.0
1138,2025-08-05 12:44:20,930250.0
1139,2025-08-05 12:49:50,930250.0
1140,2025-08-05 12:54:16,930250.0
1141,2025-08-05 13:00:21,930250.0
1142,2025-08-05 13:05:51,930250.0
1143,2025-08-05 13:10:21,930250.0
1144,2025-08-05 13:16:21,930250.0
1145,2025-08-05 13:21:51,930250.0
1146,2025-08-05 13:26:22,930250.0
1147,2025-08-05 13:31:52,930250.0
1148,2025-08-05 13:37:22,930250.0
1149,2025-08-05 13:41:52,930250.0
1150,2025-08-05 13:47:22,930250.0
1151,2025-08-05 13:53:22,930250.0
1152,2025-08-05 13:59:23,930250.0
1153,2025-08-05 14:04:23,930250.0
1154,2025-08-05 14:10:23,930250.0
1155,2025-08-05 14:15:53,930250.0
1156,2025-08-05 14:21:23,930250.0
1157,2025-08-05 14:27:23,930250.0
1158,2025-08-05 14:32:54,930250.0
1159,2025-08-05 14:38:24,930250.0
1160,2025-08-05 14:43:54,930250.0
1161,2025-08-05 14:49:24,930250.0
1162,2025-08-05 14:55:24,930250.0
1163,2025-08-05 15:00:55,930250.0
1164,2025-08-05 15:06:55,930250.0
1165,2025-08-05 15:12:25,930250.0
1166,2025-08-05 15:18:25,930250.0
1167,2025-08-05 15:24:55,930250.0
1168,2025-08-05 15:30:00,930250.0
1169,2025-08-06 09:15:14,930250.0
1170,2025-08-06 09:20:44,930250.0
1171,2025-08-06 09:25:44,930250.0
1172,2025-08-06 09:31:44,914950.0
1173,2025-08-06 09:37:15,898600.0
1174,2025-08-06 09:43:15,890200.0
1175,2025-08-06 09:48:45,884650.0
1176,2025-08-06 09:54:15,889750.0
1177,2025-08-06 09:58:45,890650.0
1178,2025-08-06 10:04:45,834400.0
1179,2025-08-06 10:10:16,840700.0
1180,2025-08-06 10:14:46,845350.0
1181,2025-08-06 10:20:16,861850.0
1182,2025-08-06 10:24:16,853600.0
1183,2025-08-06 10:30:16,853600.0
1184,2025-08-06 10:35:46,853600.0
1185,2025-08-06 10:40:17,853600.0
1186,2025-08-06 10:46:17,853600.0
1187,2025-08-06 10:51:47,853600.0
1188,2025-08-06 10:57:47,853600.0
1189,2025-08-06 11:03:17,853600.0
1190,2025-08-06 11:07:47,853600.0
1191,2025-08-06 11:13:48,853600.0
1192,2025-08-06 11:19:18,853600.0
1193,2025-08-06 11:24:48,853600.0
1194,2025-08-06 11:30:18,853600.0
1195,2025-08-06 11:35:48,853600.0
1196,2025-08-06 11:41:18,853600.0
1197,2025-08-06 11:47:19,853600.0
1198,2025-08-06 11:52:49,853600.0
1199,2025-08-06 11:58:19,853600.0
1200,2025-08-06 12:03:49,853600.0
1201,2025-08-06 12:08:49,853600.0
1202,2025-08-06 12:15:20,853600.0
1203,2025-08-06 12:20:50,853600.0
1204,2025-08-06 12:27:20,853600.0
1205,2025-08-06 12:33:20,853600.0
1206,2025-08-06 12:38:50,853600.0
1207,2025-08-06 12:43:20,853600.0
1208,2025-08-06 12:48:51,853600.0
1209,2025-08-06 12:54:21,853600.0
1210,2025-08-06 12:59:51,853600.0
1211,2025-08-06 13:05:51,853600.0
1212,2025-08-06 13:11:21,853600.0
1213,2025-08-06 13:16:51,853600.0
1214,2025-08-06 13:22:52,853600.0
1215,2025-08-06 13:27:52,853600.0
1216,2025-08-06 13:33:22,853600.0
1217,2025-08-06 13:37:52,853600.0
1218,2025-08-06 13:43:22,853600.0
1219,2025-08-06 13:48:52,853600.0
1220,2025-08-06 13:54:53,853600.0
1221,2025-08-06 14:01:23,853600.0
1222,2025-08-06 14:06:53,853600.0
1223,2025-08-06 14:12:23,853600.0
1224,2025-08-06 14:19:23,853600.0
1225,2025-08-06 14:25:54,853600.0
1226,2025-08-06 14:32:24,853600.0
1227,2025-08-06 14:36:54,853600.0
1228,2025-08-06 14:43:54,853600.0
1229,2025-08-06 14:49:24,853600.0
1230,2025-08-06 14:55:10,853600.0
1231,2025-08-06 15:00:25,853600.0
1232,2025-08-06 15:06:25,853600.0
1233,2025-08-06 15:13:25,853600.0
1234,2025-08-06 15:17:25,853600.0
1235,2025-08-06 15:22:55,853600.0
1236,2025-08-06 15:28:26,853600.0
1237,2025-08-06 15:30:00,853600.0
1238,2025-08-07 09:20:15,853600.0
1239,2025-08-07 09:25:15,853600.0
1240,2025-08-07 09:29:15,853600.0
1241,2025-08-07 09:35:41,853600.0
1242,2025-08-07 09:40:16,853600.0
1243,2025-08-07 09:45:46,853600.0
1244,2025-08-07 09:51:16,853600.0
1245,2025-08-07 09:57:16,853600.0
1246,2025-08-07 10:02:46,853600.0
1247,2025-08-07 10:08:46,853600.0
1248,2025-08-07 10:13:17,853600.0
1249,2025-08-07 10:18:47,853600.0
1250,2025-08-07 10:24:17,853600.0
1251,2025-08-07 10:29:47,853600.0
1252,2025-08-07 10:35:47,853600.0
1253,2025-08-07 10:41:17,853600.0
1254,2025-08-07 10:46:48,853600.0
1255,2025-08-07 10:52:18,853600.0
1256,2025-08-07 10:57:48,853600.0
1257,2025-08-07 11:03:18,853600.0
1258,2025-08-07 11:08:18,853600.0
1259,2025-08-07 11:13:48,853600.0
1260,2025-08-07 11:19:19,853600.0
1261,2025-08-07 11:24:49,853600.0
1262,2025-08-07 11:29:19,853600.0
1263,2025-08-07 11:35:19,853600.0
1264,2025-08-07 11:41:19,853600.0
1265,2025-08-07 11:46:50,853600.0
1266,2025-08-07 11:52:20,853600.0
1267,2025-08-07 11:57:50,853600.0
1268,2025-08-07 12:03:50,853600.0
1269,2025-08-07 12:09:20,853600.0
1270,2025-08-07 12:13:50,853600.0
1271,2025-08-07 12:19:21,853600.0
1272,2025-08-07 12:24:51,853600.0
1273,2025-08-07 12:30:51,853600.0
1274,2025-08-07 12:36:51,853600.0
1275,2025-08-07 12:42:21,853600.0
1276,2025-08-07 12:47:51,853600.0
1277,2025-08-07 12:52:22,853600.0
1278,2025-08-07 12:58:22,853600.0
1279,2025-08-07 13:04:22,853600.0
1280,2025-08-07 13:09:52,853600.0
1281,2025-08-07 13:15:52,853600.0
1282,2025-08-07 13:21:23,853600.0
1283,2025-08-07 13:26:53,853600.0
1284,2025-08-07 13:32:53,853600.0
1285,2025-08-07 13:38:23,853600.0
1286,2025-08-07 13:43:53,853600.0
1287,2025-08-07 13:49:23,853600.0
1288,2025-08-07 13:54:54,853600.0
1289,2025-08-07 14:00:24,853600.0
1290,2025-08-07 14:06:24,853600.0
1291,2025-08-07 14:11:54,853600.0
1292,2025-08-07 14:16:24,853600.0
1293,2025-08-07 14:22:24,853600.0
1294,2025-08-07 14:27:55,853600.0
1295,2025-08-07 14:33:25,853600.0
1296,2025-08-07 14:38:25,853600.0
1297,2025-08-07 14:44:55,853600.0
1298,2025-08-07 14:50:25,853600.0
1299,2025-08-07 14:56:56,853600.0
1300,2025-08-07 15:02:56,853600.0
1301,2025-08-07 15:08:26,853600.0
1302,2025-08-07 15:14:26,853600.0
1303,2025-08-07 15:19:56,853600.0
1304,2025-08-07 15:25:26,853600.0
1305,2025-08-07 15:30:00,853600.0
1306,2025-08-08 09:15:44,853600.0
1307,2025-08-08 09:20:45,853600.0
1308,2025-08-08 09:26:45,853600.0
1309,2025-08-08 09:31:15,935350.0
1310,2025-08-08 09:36:45,934900.0
1311,2025-08-08 09:43:16,939550.0
1312,2025-08-08 09:49:16,955900.0
1313,2025-08-08 09:54:16,977500.0
1314,2025-08-08 09:59:16,969100.0
1315,2025-08-08 10:06:16,969100.0
1316,2025-08-08 10:11:16,969100.0
1317,2025-08-08 10:17:17,969100.0
1318,2025-08-08 10:22:47,969100.0
1319,2025-08-08 10:28:17,969100.0
1320,2025-08-08 10:34:47,969100.0
1321,2025-08-08 10:40:17,969100.0
1322,2025-08-08 10:46:18,969100.0
1323,2025-08-08 10:51:48,969100.0
1324,2025-08-08 10:56:18,969100.0
1325,2025-08-08 11:02:48,969100.0
1326,2025-08-08 11:08:18,969100.0
1327,2025-08-08 11:12:48,969100.0
1328,2025-08-08 11:19:49,969100.0
1329,2025-08-08 11:25:19,969100.0
1330,2025-08-08 11:30:49,969100.0
1331,2025-08-08 11:36:49,969100.0
1332,2025-08-08 11:42:49,969100.0
1333,2025-08-08 11:47:49,969100.0
1334,2025-08-08 11:54:20,969100.0
1335,2025-08-08 11:59:50,969100.0
1336,2025-08-08 12:06:20,969100.0
1337,2025-08-08 12:10:50,969100.0
1338,2025-08-08 12:16:50,969100.0
1339,2025-08-08 12:23:21,969100.0
1340,2025-08-08 12:28:51,969100.0
1341,2025-08-08 12:34:21,969100.0
1342,2025-08-08 12:41:21,969100.0
1343,2025-08-08 12:45:51,969100.0
1344,2025-08-08 12:52:52,969100.0
1345,2025-08-08 12:58:22,969100.0
1346,2025-08-08 13:05:22,969100.0
1347,2025-08-08 13:10:52,969100.0
1348,2025-08-08 13:16:22,969100.0
1349,2025-08-08 13:21:52,969100.0
1350,2025-08-08 13:27:23,969100.0
1351,2025-08-08 13:32:23,969100.0
1352,2025-08-08 13:38:53,969100.0
1353,2025-08-08 13:43:23,969100.0
1354,2025-08-08 13:48:53,969100.0
1355,2025-08-08 13:54:53,969100.0
1356,2025-08-08 14:00:54,969100.0
1357,2025-08-08 14:06:24,969100.0
1358,2025-08-08 14:11:54,969100.0
1359,2025-08-08 14:16:24,969100.0
1360,2025-08-08 14:21:54,969100.0
1361,2025-08-08 14:28:55,969100.0
1362,2025-08-08 14:34:25,969100.0
1363,2025-08-08 14:39:55,969100.0
1364,2025-08-08 14:45:55,969100.0
1365,2025-08-08 14:51:25,969100.0
1366,2025-08-08 14:56:55,969100.0
1367,2025-08-08 15:03:56,969100.0
1368,2025-08-08 15:08:26,969100.0
1369,2025-08-08 15:15:26,969100.0
1370,2025-08-08 15:20:56,969100.0
1371,2025-08-08 15:26:56,969100.0
1372,2025-08-08 15:30:00,969100.0
1373,2025-08-11 09:15:14,969100.0
1374,2025-08-11 09:20:44,969100.0
1375,2025-08-11 09:27:14,969100.0
1376,2025-08-11 09:32:44,884350.0
1377,2025-08-11 09:39:15,916300.0
1378,2025-08-11 09:46:15,908800.0
1379,2025-08-11 09:51:15,886450.0
1380,2025-08-11 09:57:45,943300.0
1381,2025-08-11 10:04:15,960100.0
1382,2025-08-11 10:10:16,943450.0
1383,2025-08-11 10:15:46,943450.0
1384,2025-08-11 10:21:46,943450.0
1385,2025-08-11 10:27:46,943450.0
1386,2025-08-11 10:33:16,943450.0
1387,2025-08-11 10:38:46,943450.0
1388,2025-08-11 10:44:17,943450.0
1389,2025-08-11 10:51:17,943450.0
1390,2025-08-11 10:56:17,943450.0
1391,2025-08-11 11:02:17,943450.0
1392,2025-08-11 11:09:17,943450.0
1393,2025-08-11 11:14:48,943450.0
1394,2025-08-11 11:19:18,943450.0
1395,2025-08-11 11:24:48,943450.0
1396,2025-08-11 11:30:18,943450.0
1397,2025-08-11 11:35:48,943450.0
1398,2025-08-11 11:42:48,943450.0
1399,2025-08-11 11:48:19,943450.0
1400,2025-08-11 11:53:49,943450.0
1401,2025-08-11 11:59:19,943450.0
1402,2025-08-11 12:05:19,943450.0
1403,2025-08-11 12:10:49,943450.0
1404,2025-08-11 12:15:19,943450.0
1405,2025-08-11 12:21:20,943450.0
1406,2025-08-11 12:27:50,943450.0
1407,2025-08-11 12:33:50,943450.0
1408,2025-08-11 12:39:20,943450.0
1409,2025-08-11 12:45:20,943450.0
1410,2025-08-11 12:50:51,943450.0
1411,2025-08-11 12:56:21,943450.0
1412,2025-08-11 13:02:21,943450.0
1413,2025-08-11 13:06:51,943450.0
1414,2025-08-11 13:12:51,943450.0
1415,2025-08-11 13:18:21,943450.0
1416,2025-08-11 13:23:52,943450.0
1417,2025-08-11 13:28:52,943450.0
1418,2025-08-11 13:34:22,943450.0
1419,2025-08-11 13:39:52,943450.0
1420,2025-08-11 13:45:52,943450.0
1421,2025-08-11 13:51:23,943450.0
1422,2025-08-11 13:56:53,943450.0
1423,2025-08-11 14:02:23,943450.0
1424,2025-08-11 14:08:23,943450.0
1425,2025-08-11 14:13:53,943450.0
1426,2025-08-11 14:20:53,943450.0
1427,2025-08-11 14:25:24,943450.0
1428,2025-08-11 14:30:54,943450.0
1429,2025-08-11 14:37:54,943450.0
1430,2025-08-11 14:43:24,943450.0
1431,2025-08-11 14:50:24,943450.0
1432,2025-08-11 14:55:55,943450.0
1433,2025-08-11 15:01:25,943450.0
1434,2025-08-11 15:06:55,943450.0
1435,2025-08-11 15:12:55,943450.0
1436,2025-08-11 15:18:25,943450.0
1437,2025-08-11 15:23:55,943450.0
1438,2025-08-11 15:30:00,943450.0
1439,2025-08-12 09:19:14,943450.0
1440,2025-08-12 09:25:44,943450.0
1441,2025-08-12 09:31:14,914500.0
1442,2025-08-12 09:36:15,935200.0
1443,2025-08-12 09:41:45,926050.0
1444,2025-08-12 09:47:15,926050.0
1445,2025-08-12 09:51:45,926050.0
1446,2025-08-12 09:58:15,926050.0
1447,2025-08-12 10:02:45,926050.0
1448,2025-08-12 10:08:46,926050.0
1449,2025-08-12 10:13:16,926050.0
1450,2025-08-12 10:18:46,926050.0
1451,2025-08-12 10:24:46,926050.0
1452,2025-08-12 10:29:16,926050.0
1453,2025-08-12 10:34:46,926050.0
1454,2025-08-12 10:40:47,926050.0
1455,2025-08-12 10:44:47,926050.0
1456,2025-08-12 10:50:47,926050.0
1457,2025-08-12 10:56:17,926050.0
1458,2025-08-12 11:00:17,926050.0
1459,2025-08-12 11:06:17,926050.0
1460,2025-08-12 11:11:30,926050.0
1461,2025-08-12 11:17:18,926050.0
1462,2025-08-12 11:21:48,926050.0
1463,2025-08-12 11:27:18,926050.0
1464,2025-08-12 11:34:18,926050.0
1465,2025-08-12 11:39:48,926050.0
1466,2025-08-12 11:45:19,926050.0
1467,2025-08-12 11:52:19,926050.0
1468,2025-08-12 11:57:49,926050.0
1469,2025-08-12 12:03:19,926050.0
1470,2025-08-12 12:08:49,926050.0
1471,2025-08-12 12:14:50,926050.0
1472,2025-08-12 12:19:20,926050.0
1473,2025-08-12 12:24:50,926050.0
1474,2025-08-12 12:30:50,926050.0
1475,2025-08-12 12:36:20,926050.0
1476,2025-08-12 12:41:50,926050.0
1477,2025-08-12 12:48:21,926050.0
1478,2025-08-12 12:52:51,926050.0
1479,2025-08-12 12:58:51,926050.0
1480,2025-08-12 13:04:51,926050.0
1481,2025-08-12 13:09:51,926050.0
1482,2025-08-12 13:16:52,926050.0
1483,2025-08-12 13:22:22,926050.0
1484,2025-08-12 13:26:52,926050.0
1485,2025-08-12 13:33:22,926050.0
1486,2025-08-12 13:39:22,926050.0
1487,2025-08-12 13:44:52,926050.0
1488,2025-08-12 13:50:23,926050.0
1489,2025-08-12 13:55:53,926050.0
1490,2025-08-12 14:00:23,926050.0
1491,2025-08-12 14:06:53,926050.0
1492,2025-08-12 14:12:23,926050.0
1493,2025-08-12 14:17:53,926050.0
1494,2025-08-12 14:24:24,901000.0
1495,2025-08-12 14:29:54,896350.0
1496,2025-08-12 14:35:24,926050.0
1497,2025-08-12 14:42:24,929950.0
1498,2025-08-12 14:47:54,937150.0
1499,2025-08-12 14:53:25,938500.0
1500,2025-08-12 14:58:55,942550.0
1501,2025-08-12 15:04:25,964150.0
1502,2025-08-12 15:10:25,945400.0
1503,2025-08-12 15:14:25,945400.0
1504,2025-08-12 15:21:25,945400.0
1505,2025-08-12 15:25:56,945400.0
1506,2025-08-12 15:30:00,945400.0
1507,2025-08-13 09:18:44,945400.0
1508,2025-08-13 09:24:45,945400.0
1509,2025-08-13 09:30:15,945400.0
1510,2025-08-13 09:35:36,945400.0
1511,2025-08-13 09:40:15,945400.0
1512,2025-08-13 09:45:45,945400.0
1513,2025-08-13 09:50:15,945400.0
1514,2025-08-13 09:55:46,945400.0
1515,2025-08-13 10:01:16,945400.0
1516,2025-08-13 10:06:16,945400.0
1517,2025-08-13 10:11:46,932800.0
1518,2025-08-13 10:17:46,937450.0
1519,2025-08-13 10:22:46,923650.0
1520,2025-08-13 10:28:47,923650.0
1521,2025-08-13 10:33:17,923650.0
1522,2025-08-13 10:39:17,923650.0
1523,2025-08-13 10:43:47,923650.0
1524,2025-08-13 10:49:17,923650.0
1525,2025-08-13 10:55:17,923650.0
1526,2025-08-13 11:00:48,923650.0
1527,2025-08-13 11:06:48,923650.0
1528,2025-08-13 11:13:18,923650.0
1529,2025-08-13 11:17:48,923650.0
1530,2025-08-13 11:23:18,923650.0
1531,2025-08-13 11:28:48,923650.0
1532,2025-08-13 11:33:49,923650.0
1533,2025-08-13 11:39:49,923650.0
1534,2025-08-13 11:45:19,923650.0
1535,2025-08-13 11:51:19,923650.0
1536,2025-08-13 11:56:49,923650.0
1537,2025-08-13 12:02:20,923650.0
1538,2025-08-13 12:07:50,923650.0
1539,2025-08-13 12:13:50,923650.0
1540,2025-08-13 12:19:20,923650.0
1541,2025-08-13 12:24:20,923650.0
1542,2025-08-13 12:29:20,923650.0
1543,2025-08-13 12:34:51,923650.0
1544,2025-08-13 12:40:51,923650.0
1545,2025-08-13 12:46:21,923650.0
1546,2025-08-13 12:51:51,923650.0
1547,2025-08-13 12:56:21,923650.0
1548,2025-08-13 13:02:21,923650.0
1549,2025-08-13 13:08:22,923650.0
1550,2025-08-13 13:12:22,923650.0
1551,2025-08-13 13:19:22,923650.0
1552,2025-08-13 13:23:52,923650.0
1553,2025-08-13 13:29:22,923650.0
1554,2025-08-13 13:35:22,923650.0
1555,2025-08-13 13:40:53,923650.0
1556,2025-08-13 13:46:23,923650.0
1557,2025-08-13 13:50:53,923650.0
1558,2025-08-13 13:56:23,923650.0
1559,2025-08-13 14:03:23,923650.0
1560,2025-08-13 14:08:54,923650.0
1561,2025-08-13 14:14:24,923650.0
1562,2025-08-13 14:19:54,923650.0
1563,2025-08-13 14:24:54,923650.0
1564,2025-08-13 14:31:24,923650.0
1565,2025-08-13 14:36:54,923650.0
1566,2025-08-13 14:41:55,923650.0
1567,2025-08-13 14:47:25,923650.0
1568,2025-08-13 14:52:55,923650.0
1569,2025-08-13 14:58:25,923650.0
1570,2025-08-13 15:02:55,923650.0
1571,2025-08-13 15:08:25,923650.0
1572,2025-08-13 15:15:26,923650.0
1573,2025-08-13 15:20:56,923650.0
1574,2025-08-13 15:26:26,923650.0
1575,2025-08-13 15:30:00,923650.0
1576,2025-08-14 09:15:14,923650.0
1577,2025-08-14 09:19:15,923650.0
1578,2025-08-14 09:25:15,923650.0
1579,2025-08-14 09:30:45,923650.0
1580,2025-08-14 09:37:15,923650.0
1581,2025-08-14 09:43:15,923650.0
1582,2025-08-14 09:47:46,923650.0
1583,2025-08-14 09:54:16,923650.0
1584,2025-08-14 09:59:46,923650.0
1585,2025-08-14 10:05:16,923650.0
1586,2025-08-14 10:10:46,923650.0
1587,2025-08-14 10:16:16,923650.0
1588,2025-08-14 10:22:17,923650.0
1589,2025-08-14 10:27:47,923650.0
1590,2025-08-14 10:32:17,923650.0
1591,2025-08-14 10:37:47,923650.0
1592,2025-08-14 10:43:17,923650.0
1593,2025-08-14 10:49:17,923650.0
1594,2025-08-14 10:53:48,923650.0
1595,2025-08-14 10:59:18,923650.0
1596,2025-08-14 11:04:48,923650.0
1597,2025-08-14 11:10:18,923650.0
1598,2025-08-14 11:15:48,923650.0
1599,2025-08-14 11:21:48,923650.0
1600,2025-08-14 11:27:19,923650.0
1601,2025-08-14 11:32:49,923650.0
1602,2025-08-14 11:38:19,923650.0
1603,2025-08-14 11:43:49,923650.0
1604,2025-08-14 11:49:19,923650.0
1605,2025-08-14 11:55:20,923650.0
1606,2025-08-14 12:00:50,923650.0
1607,2025-08-14 12:06:20,923650.0
1608,2025-08-14 12:11:50,923650.0
1609,2025-08-14 12:17:50,923650.0
1610,2025-08-14 12:23:20,923650.0
1611,2025-08-14 12:29:21,923650.0
1612,2025-08-14 12:34:21,923650.0
1613,2025-08-14 12:40:21,923650.0
1614,2025-08-14 12:46:51,923650.0
1615,2025-08-14 12:52:21,923650.0
1616,2025-08-14 12:59:22,923650.0
1617,2025-08-14 13:04:52,923650.0
1618,2025-08-14 13:10:52,923650.0
1619,2025-08-14 13:15:52,923650.0
1620,2025-08-14 13:21:52,923650.0
1621,2025-08-14 13:27:22,923650.0
1622,2025-08-14 13:33:23,923650.0
1623,2025-08-14 13:38:23,923650.0
1624,2025-08-14 13:44:23,923650.0
1625,2025-08-14 13:49:53,923650.0
1626,2025-08-14 13:55:23,923650.0
1627,2025-08-14 14:00:54,923650.0
1628,2025-08-14 14:12:24,923650.0
1629,2025-08-14 14:18:54,923650.0
1630,2025-08-14 14:24:24,923650.0
1631,2025-08-14 14:29:54,923650.0
1632,2025-08-14 14:35:25,923650.0
1633,2025-08-14 14:41:25,923650.0
1634,2025-08-14 14:48:25,923650.0
1635,2025-08-14 14:53:55,923650.0
1636,2025-08-14 14:58:55,923650.0
1637,2025-08-14 15:05:26,923650.0
1638,2025-08-14 15:10:56,923650.0
1639,2025-08-14 15:15:26,923650.0
1640,2025-08-14 15:21:56,923650.0
1641,2025-08-14 15:27:26,923650.0
1642,2025-08-14 15:30:00,923650.0
1643,2025-08-18 09:21:44,923650.0
1644,2025-08-18 09:24:45,923650.0
1645,2025-08-18 09:39:45,923650.0
1646,2025-08-18 09:48:46,968350.0
1647,2025-08-18 09:57:37,946450.0
1648,2025-08-18 10:08:46,918850.0
1649,2025-08-18 10:14:16,911200.0
1650,2025-08-18 10:19:47,903100.0
1651,2025-08-18 10:24:17,914200.0
1652,2025-08-18 10:30:47,911350.0
1653,2025-08-18 10:36:17,909400.0
1654,2025-08-18 10:42:17,896950.0
1655,2025-08-18 10:47:47,912850.0
1656,2025-08-18 10:53:18,916000.0
1657,2025-08-18 10:58:48,917350.0
1658,2025-08-18 11:04:18,922150.0
1659,2025-08-18 11:09:48,921550.0
1660,2025-08-18 11:15:18,907150.0
1661,2025-08-18 11:19:48,924250.0
1662,2025-08-18 11:25:49,914350.0
1663,2025-08-18 11:31:19,911350.0
1664,2025-08-18 11:35:19,932500.0
1665,2025-08-18 11:41:19,930850.0
1666,2025-08-18 11:46:49,930850.0
1667,2025-08-18 11:51:19,930850.0
1668,2025-08-18 11:56:50,930850.0
1669,2025-08-18 12:02:20,930850.0
1670,2025-08-18 12:07:50,930850.0
1671,2025-08-18 12:14:20,930850.0
1672,2025-08-18 12:20:20,899800.0
1673,2025-08-18 12:25:51,886900.0
1674,2025-08-18 12:30:21,882700.0
1675,2025-08-18 12:36:21,885250.0
1676,2025-08-18 12:41:51,882850.0
1677,2025-08-18 12:47:21,928900.0
1678,2025-08-18 12:53:21,919000.0
1679,2025-08-18 12:59:22,919000.0
1680,2025-08-18 13:04:22,919000.0
1681,2025-08-18 13:10:52,919000.0
1682,2025-08-18 13:16:22,919000.0
1683,2025-08-18 13:21:52,919000.0
1684,2025-08-18 13:27:53,919000.0
1685,2025-08-18 13:33:23,919000.0
1686,2025-08-18 13:38:23,919000.0
1687,2025-08-18 13:44:23,919000.0
1688,2025-08-18 13:49:53,919000.0
1689,2025-08-18 13:55:53,919000.0
1690,2025-08-18 14:00:24,919000.0
1691,2025-08-18 14:05:54,919000.0
1692,2025-08-18 14:11:24,919000.0
1693,2025-08-18 14:16:54,919000.0
1694,2025-08-18 14:22:54,919000.0
1695,2025-08-18 14:27:54,919000.0
1696,2025-08-18 14:34:55,919000.0
1697,2025-08-18 14:40:25,919000.0
1698,2025-08-18 14:46:55,919000.0
1699,2025-08-18 14:52:25,919000.0
1700,2025-08-18 14:57:55,919000.0
1701,2025-08-18 15:02:25,919000.0
1702,2025-08-18 15:08:56,919000.0
1703,2025-08-18 15:13:26,919000.0
1704,2025-08-18 15:19:26,919000.0
1705,2025-08-18 15:24:56,919000.0
1706,2025-08-18 15:30:00,919000.0
1707,2025-08-19 09:19:44,919000.0
1708,2025-08-19 09:25:15,919000.0
1709,2025-08-19 09:31:15,919000.0
1710,2025-08-19 09:36:45,919000.0
1711,2025-08-19 09:42:15,908650.0
1712,2025-08-19 09:46:45,926800.0
1713,2025-08-19 09:52:15,892000.0
1714,2025-08-19 09:57:46,893500.0
1715,2025-08-19 10:03:46,895150.0
1716,2025-08-19 10:09:16,895450.0
1717,2025-08-19 10:13:46,877000.0
1718,2025-08-19 10:19:16,877000.0
1719,2025-08-19 10:25:16,877000.0
1720,2025-08-19 10:30:47,877000.0
1721,2025-08-19 10:36:17,877000.0
1722,2025-08-19 10:41:47,877000.0
1723,2025-08-19 10:47:17,877000.0
1724,2025-08-19 10:53:17,877000.0
1725,2025-08-19 10:58:47,877000.0
1726,2025-08-19 11:04:18,877000.0
1727,2025-08-19 11:09:48,877000.0
1728,2025-08-19 11:15:18,877000.0
1729,2025-08-19 11:21:48,877000.0
1730,2025-08-19 11:26:18,877000.0
1731,2025-08-19 11:31:49,877000.0
1732,2025-08-19 11:37:19,877000.0
1733,2025-08-19 11:42:49,877000.0
1734,2025-08-19 11:48:49,877000.0
1735,2025-08-19 11:55:19,877000.0
1736,2025-08-19 12:01:19,877000.0
1737,2025-08-19 12:06:20,877000.0
1738,2025-08-19 12:11:50,877000.0
1739,2025-08-19 12:17:20,877000.0
1740,2025-08-19 12:23:20,877000.0
1741,2025-08-19 12:30:20,877000.0
1742,2025-08-19 12:35:51,877000.0
1743,2025-08-19 12:41:21,877000.0
1744,2025-08-19 12:46:51,877000.0
1745,2025-08-19 12:51:21,877000.0
1746,2025-08-19 12:56:51,877000.0
1747,2025-08-19 13:02:51,877000.0
1748,2025-08-19 13:08:22,877000.0
1749,2025-08-19 13:13:52,877000.0
1750,2025-08-19 13:19:22,877000.0
1751,2025-08-19 13:24:52,877000.0
1752,2025-08-19 13:31:22,877000.0
1753,2025-08-19 13:36:22,877000.0
1754,2025-08-19 13:41:53,877000.0
1755,2025-08-19 13:47:23,877000.0
1756,2025-08-19 13:52:53,877000.0
1757,2025-08-19 13:58:23,877000.0
1758,2025-08-19 14:04:53,877000.0
1759,2025-08-19 14:10:24,877000.0
1760,2025-08-19 14:15:54,877000.0
1761,2025-08-19 14:21:54,877000.0
1762,2025-08-19 14:26:24,877000.0
1763,2025-08-19 14:32:54,877000.0
1764,2025-08-19 14:38:24,877000.0
1765,2025-08-19 14:43:55,877000.0
1766,2025-08-19 14:48:25,877000.0
1767,2025-08-19 14:53:55,877000.0
1768,2025-08-19 14:59:25,877000.0
1769,2025-08-19 15:04:55,877000.0
1770,2025-08-19 15:10:25,877000.0
1771,2025-08-19 15:16:26,877000.0
1772,2025-08-19 15:21:56,877000.0
1773,2025-08-19 15:26:56,877000.0
1774,2025-08-19 15:30:00,877000.0
1775,2025-08-20 09:18:44,877000.0
1776,2025-08-20 09:24:14,877000.0
1777,2025-08-20 09:29:45,882700.0
1778,2025-08-20 09:35:45,860950.0
1779,2025-08-20 09:40:15,867850.0
1780,2025-08-20 09:45:45,832000.0
1781,2025-08-20 09:52:45,832600.0
1782,2025-08-20 09:58:16,836350.0
1783,2025-08-20 10:04:16,810550.0
1784,2025-08-20 10:09:16,810850.0
1785,2025-08-20 10:15:16,799900.0
1786,2025-08-20 10:19:46,793900.0
1787,2025-08-20 10:26:16,793900.0
1788,2025-08-20 10:30:47,793900.0
1789,2025-08-20 10:36:47,793900.0
1790,2025-08-20 10:42:17,793900.0
1791,2025-08-20 10:47:47,793900.0
1792,2025-08-20 10:52:17,793900.0
1793,2025-08-20 10:58:17,793900.0
1794,2025-08-20 11:03:48,793900.0
1795,2025-08-20 11:10:48,793900.0
1796,2025-08-20 11:16:18,793900.0
1797,2025-08-20 11:21:48,793900.0
1798,2025-08-20 11:26:18,793900.0
1799,2025-08-20 11:32:19,793900.0
1800,2025-08-20 11:37:49,793900.0
1801,2025-08-20 11:43:19,793900.0
1802,2025-08-20 11:49:49,793900.0
1803,2025-08-20 11:54:49,793900.0
1804,2025-08-20 12:01:19,793900.0
1805,2025-08-20 12:05:20,793900.0
1806,2025-08-20 12:11:20,793900.0
1807,2025-08-20 12:17:17,793900.0
1808,2025-08-20 12:22:50,793900.0
1809,2025-08-20 12:27:20,793900.0
1810,2025-08-20 12:33:20,793900.0
1811,2025-08-20 12:38:51,793900.0
1812,2025-08-20 12:44:21,793900.0
1813,2025-08-20 12:49:51,793900.0
1814,2025-08-20 12:55:51,793900.0
1815,2025-08-20 13:00:21,793900.0
1816,2025-08-20 13:05:51,793900.0
1817,2025-08-20 13:11:22,793900.0
1818,2025-08-20 13:17:22,793900.0
1819,2025-08-20 13:23:52,793900.0
1820,2025-08-20 13:29:22,793900.0
1821,2025-08-20 13:34:52,793900.0
1822,2025-08-20 13:40:53,793900.0
1823,2025-08-20 13:45:53,793900.0
1824,2025-08-20 13:51:23,793900.0
1825,2025-08-20 13:57:23,793900.0
1826,2025-08-20 14:02:53,793900.0
1827,2025-08-20 14:09:23,793900.0
1828,2025-08-20 14:14:24,793900.0
1829,2025-08-20 14:19:54,793900.0
1830,2025-08-20 14:25:24,793900.0
1831,2025-08-20 14:31:24,793900.0
1832,2025-08-20 14:36:24,793900.0
1833,2025-08-20 14:42:24,793900.0
1834,2025-08-20 14:47:55,793900.0
1835,2025-08-20 14:53:25,793900.0
1836,2025-08-20 14:58:55,793900.0
1837,2025-08-20 15:04:25,793900.0
1838,2025-08-20 15:10:25,793900.0
1839,2025-08-20 15:14:56,793900.0
1840,2025-08-20 15:21:26,793900.0
1841,2025-08-20 15:26:56,793900.0
1842,2025-08-20 15:30:00,793900.0
1843,2025-08-21 09:19:45,793900.0
1844,2025-08-21 09:25:45,793900.0
1845,2025-08-21 09:31:15,793900.0
1846,2025-08-21 09:36:45,793900.0
1847,2025-08-21 09:42:15,793900.0
1848,2025-08-21 09:47:46,793900.0
1849,2025-08-21 09:53:16,793900.0
1850,2025-08-21 09:59:16,793900.0
1851,2025-08-21 10:04:46,793900.0
1852,2025-08-21 10:09:16,793900.0
1853,2025-08-21 10:14:46,793900.0
1854,2025-08-21 10:20:17,793900.0
1855,2025-08-21 10:26:10,793900.0
1856,2025-08-21 10:31:17,793900.0
1857,2025-08-21 10:37:17,793900.0
1858,2025-08-21 10:42:47,793900.0
1859,2025-08-21 10:48:17,793900.0
1860,2025-08-21 10:53:48,793900.0
1861,2025-08-21 10:59:18,793900.0
1862,2025-08-21 11:05:48,793900.0
1863,2025-08-21 11:11:18,793900.0
1864,2025-08-21 11:17:18,793900.0
1865,2025-08-21 11:22:49,793900.0
1866,2025-08-21 11:28:19,793900.0
1867,2025-08-21 11:34:19,793900.0
1868,2025-08-21 11:39:49,793900.0
1869,2025-08-21 11:45:19,793900.0
1870,2025-08-21 11:50:49,793900.0
1871,2025-08-21 11:56:20,793900.0
1872,2025-08-21 12:01:50,793900.0
1873,2025-08-21 12:07:50,793900.0
1874,2025-08-21 12:12:50,793900.0
1875,2025-08-21 12:18:20,793900.0
1876,2025-08-21 12:24:20,793900.0
1877,2025-08-21 12:29:51,793900.0
1878,2025-08-21 12:35:21,793900.0
1879,2025-08-21 12:41:51,793900.0
1880,2025-08-21 12:47:21,793900.0
1881,2025-08-21 12:54:21,793900.0
1882,2025-08-21 12:59:52,793900.0
1883,2025-08-21 13:04:22,793900.0
1884,2025-08-21 13:09:52,793900.0
1885,2025-08-21 13:16:22,793900.0
1886,2025-08-21 13:20:52,793900.0
1887,2025-08-21 13:26:52,793900.0
1888,2025-08-21 13:33:23,793900.0
1889,2025-08-21 13:38:23,793900.0
1890,2025-08-21 13:44:23,793900.0
1891,2025-08-21 13:50:53,793900.0
1892,2025-08-21 13:56:53,793900.0
1893,2025-08-21 14:02:24,793900.0
1894,2025-08-21 14:08:54,793900.0
1895,2025-08-21 14:14:54,793900.0
1896,2025-08-21 14:20:24,793900.0
1897,2025-08-21 14:26:24,793900.0
1898,2025-08-21 14:32:24,793900.0
1899,2025-08-21 14:37:55,793900.0
1900,2025-08-21 14:43:25,793900.0
1901,2025-08-21 14:49:55,793900.0
1902,2025-08-21 14:55:25,793900.0
1903,2025-08-21 15:01:25,793900.0
1904,2025-08-21 15:06:56,793900.0
1905,2025-08-21 15:12:56,793900.0
1906,2025-08-21 15:16:56,793900.0
1907,2025-08-21 15:22:26,793900.0
1908,2025-08-21 15:28:26,793900.0
1909,2025-08-21 15:30:00,793900.0
1910,2025-08-22 09:19:44,793900.0
1911,2025-08-22 09:25:15,793900.0
1912,2025-08-22 09:31:45,793900.0
1913,2025-08-22 09:35:45,776650.0
1914,2025-08-22 09:41:45,766000.0
1915,2025-08-22 09:47:15,759550.0
1916,2025-08-22 09:52:45,759550.0
1917,2025-08-22 09:58:46,759550.0
1918,2025-08-22 10:04:16,759550.0
1919,2025-08-22 10:09:46,759550.0
1920,2025-08-22 10:15:16,759550.0
1921,2025-08-22 10:21:16,759550.0
1922,2025-08-22 10:26:46,759550.0
1923,2025-08-22 10:32:17,759550.0
1924,2025-08-22 10:37:47,759550.0
1925,2025-08-22 10:43:17,759550.0
1926,2025-08-22 10:48:47,759550.0
1927,2025-08-22 10:55:13,759550.0
1928,2025-08-22 11:01:18,759550.0
1929,2025-08-22 11:06:48,759550.0
1930,2025-08-22 11:13:18,759550.0
1931,2025-08-22 11:18:48,759550.0
1932,2025-08-22 11:24:18,759550.0
1933,2025-08-22 11:29:48,759550.0
1934,2025-08-22 11:35:19,759550.0
1935,2025-08-22 11:41:19,759550.0
1936,2025-08-22 11:45:49,759550.0
1937,2025-08-22 11:51:19,759550.0
1938,2025-08-22 11:55:49,759550.0
1939,2025-08-22 12:01:19,759550.0
1940,2025-08-22 12:06:50,759550.0
1941,2025-08-22 12:12:50,759550.0
1942,2025-08-22 12:18:20,759550.0
1943,2025-08-22 12:23:50,759550.0
1944,2025-08-22 12:29:20,759550.0
1945,2025-08-22 12:35:21,759550.0
1946,2025-08-22 12:40:51,759550.0
1947,2025-08-22 12:46:21,759550.0
1948,2025-08-22 12:51:51,759550.0
1949,2025-08-22 12:58:21,759550.0
1950,2025-08-22 13:03:51,759550.0
1951,2025-08-22 13:09:22,759550.0
1952,2025-08-22 13:14:52,759550.0
1953,2025-08-22 13:21:22,759550.0
1954,2025-08-22 13:26:22,759550.0
1955,2025-08-22 13:31:22,759550.0
1956,2025-08-22 13:36:52,759550.0
1957,2025-08-22 13:43:23,759550.0
1958,2025-08-22 13:48:53,759550.0
1959,2025-08-22 13:54:23,759550.0
1960,2025-08-22 13:59:53,759550.0
1961,2025-08-22 14:05:23,759550.0
1962,2025-08-22 14:11:24,759550.0
1963,2025-08-22 14:16:54,759550.0
1964,2025-08-22 14:22:24,759550.0
1965,2025-08-22 14:27:54,759550.0
1966,2025-08-22 14:34:54,759550.0
1967,2025-08-22 14:40:24,759550.0
1968,2025-08-22 14:46:55,759550.0
1969,2025-08-22 14:52:25,759550.0
1970,2025-08-22 14:58:25,759550.0
1971,2025-08-22 15:02:25,759550.0
1972,2025-08-22 15:08:25,759550.0
1973,2025-08-22 15:13:26,759550.0
1974,2025-08-22 15:19:56,759550.0
1975,2025-08-22 15:25:26,759550.0
1976,2025-08-22 15:30:00,759550.0
1977,2025-08-25 09:18:44,759550.0
1978,2025-08-25 09:24:14,759550.0
1979,2025-08-25 09:28:44,795400.0
1980,2025-08-25 09:33:44,798550.0
1981,2025-08-25 09:39:15,847300.0
1982,2025-08-25 09:44:45,850300.0
1983,2025-08-25 09:49:15,823600.0
1984,2025-08-25 09:54:45,823600.0
1985,2025-08-25 10:00:15,853450.0
1986,2025-08-25 10:06:15,878200.0
1987,2025-08-25 10:10:46,879850.0
1988,2025-08-25 10:16:16,893950.0
1989,2025-08-25 10:21:16,869950.0
1990,2025-08-25 10:26:46,869950.0
1991,2025-08-25 10:32:16,869950.0
1992,2025-08-25 10:37:16,869950.0
1993,2025-08-25 10:42:17,869950.0
1994,2025-08-25 10:47:17,869950.0
1995,2025-08-25 10:52:17,869950.0
1996,2025-08-25 10:57:47,869950.0
1997,2025-08-25 11:02:17,869950.0
1998,2025-08-25 11:07:47,869950.0
1999,2025-08-25 11:13:48,869950.0
2000,2025-08-25 11:19:18,869950.0
2001,2025-08-25 11:24:18,869950.0
2002,2025-08-25 11:30:18,869950.0
2003,2025-08-25 11:35:48,869950.0
2004,2025-08-25 11:41:18,869950.0
2005,2025-08-25 11:46:49,869950.0
2006,2025-08-25 11:53:49,869950.0
2007,2025-08-25 11:59:19,869950.0
2008,2025-08-25 12:04:49,869950.0
2009,2025-08-25 12:10:19,869950.0
2010,2025-08-25 12:16:20,869950.0
2011,2025-08-25 12:21:50,869950.0
2012,2025-08-25 12:27:20,869950.0
2013,2025-08-25 12:32:50,869950.0
2014,2025-08-25 12:39:20,869950.0
2015,2025-08-25 12:46:21,869950.0
2016,2025-08-25 12:51:51,869950.0
2017,2025-08-25 12:57:21,869950.0
2018,2025-08-25 13:03:21,869950.0
2019,2025-08-25 13:09:51,869950.0
2020,2025-08-25 13:15:21,869950.0
2021,2025-08-25 13:21:22,869950.0
2022,2025-08-25 13:26:52,869950.0
2023,2025-08-25 13:33:22,869950.0
2024,2025-08-25 13:38:22,869950.0
2025,2025-08-25 13:44:52,869950.0
2026,2025-08-25 13:50:23,869950.0
2027,2025-08-25 13:56:53,869950.0
2028,2025-08-25 14:02:53,869950.0
2029,2025-08-25 14:08:23,869950.0
2030,2025-08-25 14:14:53,869950.0
2031,2025-08-25 14:20:54,869950.0
2032,2025-08-25 14:27:24,869950.0
2033,2025-08-25 14:32:54,869950.0
2034,2025-08-25 14:38:54,866050.0
2035,2025-08-25 14:43:54,874900.0
2036,2025-08-25 14:49:54,852100.0
2037,2025-08-25 14:56:55,830350.0
2038,2025-08-25 15:01:55,830350.0
2039,2025-08-25 15:07:55,830350.0
2040,2025-08-25 15:13:25,830350.0
2041,2025-08-25 15:19:55,830350.0
2042,2025-08-25 15:25:56,830350.0
2043,2025-08-25 15:30:00,830350.0
2044,2025-08-26 09:19:45,830350.0
2045,2025-08-26 09:25:45,830350.0
2046,2025-08-26 09:31:15,830350.0
2047,2025-08-26 09:37:45,830350.0
2048,2025-08-26 09:43:15,830350.0
2049,2025-08-26 09:48:45,830350.0
2050,2025-08-26 09:54:46,830350.0
2051,2025-08-26 10:00:16,830350.0
2052,2025-08-26 10:05:46,830350.0
2053,2025-08-26 10:11:16,830350.0
2054,2025-08-26 10:16:46,830350.0
2055,2025-08-26 10:22:47,830350.0
2056,2025-08-26 10:26:47,830350.0
2057,2025-08-26 10:32:47,830350.0
2058,2025-08-26 10:36:47,830350.0
2059,2025-08-26 10:42:47,830350.0
2060,2025-08-26 10:48:47,830350.0
2061,2025-08-26 10:53:18,830350.0
2062,2025-08-26 10:58:48,830350.0
2063,2025-08-26 11:03:48,830350.0
2064,2025-08-26 11:08:18,830350.0
2065,2025-08-26 11:14:18,830350.0
2066,2025-08-26 11:19:48,830350.0
2067,2025-08-26 11:25:49,830350.0
2068,2025-08-26 11:30:19,830350.0
2069,2025-08-26 11:35:49,830350.0
2070,2025-08-26 11:41:19,830350.0
2071,2025-08-26 11:45:19,830350.0
2072,2025-08-26 11:51:49,830350.0
2073,2025-08-26 11:57:20,830350.0
2074,2025-08-26 12:02:50,830350.0
2075,2025-08-26 12:08:14,830350.0
2076,2025-08-26 12:12:50,830350.0
2077,2025-08-26 12:18:50,830350.0
2078,2025-08-26 12:24:20,830350.0
2079,2025-08-26 12:28:51,830350.0
2080,2025-08-26 12:34:51,830350.0
2081,2025-08-26 12:39:51,830350.0
2082,2025-08-26 12:45:51,830350.0
2083,2025-08-26 12:51:51,830350.0
2084,2025-08-26 12:58:21,830350.0
2085,2025-08-26 13:04:22,830350.0
2086,2025-08-26 13:10:52,830350.0
2087,2025-08-26 13:16:52,830350.0
2088,2025-08-26 13:22:22,830350.0
2089,2025-08-26 13:27:52,830350.0
2090,2025-08-26 13:32:23,830350.0
2091,2025-08-26 13:38:23,830350.0
2092,2025-08-26 13:43:23,830350.0
2093,2025-08-26 13:49:23,830350.0
2094,2025-08-26 13:54:53,830350.0
2095,2025-08-26 14:00:53,830350.0
2096,2025-08-26 14:07:54,830350.0
2097,2025-08-26 14:12:54,830350.0
2098,2025-08-26 14:19:54,830350.0
2099,2025-08-26 14:25:54,845950.0
2100,2025-08-26 14:32:24,833800.0
2101,2025-08-26 14:38:55,830350.0
2102,2025-08-26 14:44:55,822100.0
2103,2025-08-26 14:51:25,821650.0
2104,2025-08-26 14:57:25,827800.0
2105,2025-08-26 15:02:25,876250.0
2106,2025-08-26 15:09:26,890350.0
2107,2025-08-26 15:14:56,929950.0
2108,2025-08-26 15:20:26,914800.0
2109,2025-08-26 15:25:26,914800.0
2110,2025-08-26 15:30:00,914800.0
2111,2025-08-28 09:18:44,914800.0
2112,2025-08-28 09:24:14,914800.0
2113,2025-08-28 09:30:15,914800.0
2114,2025-08-28 09:35:45,914800.0
2115,2025-08-28 09:40:15,914800.0
2116,2025-08-28 09:45:45,914800.0
2117,2025-08-28 09:51:15,914800.0
2118,2025-08-28 09:55:15,914800.0
2119,2025-08-28 10:01:16,914800.0
2120,2025-08-28 10:06:46,914800.0
2121,2025-08-28 10:12:46,914800.0
2122,2025-08-28 10:17:46,914800.0
2123,2025-08-28 10:22:46,914800.0
2124,2025-08-28 10:28:16,914800.0
2125,2025-08-28 10:33:47,914800.0
2126,2025-08-28 10:39:17,914800.0
2127,2025-08-28 10:45:17,914800.0
2128,2025-08-28 10:49:47,914800.0
2129,2025-08-28 10:55:17,914800.0
2130,2025-08-28 11:01:17,914800.0
2131,2025-08-28 11:05:18,914800.0
2132,2025-08-28 11:11:18,914800.0
2133,2025-08-28 11:15:48,914800.0
2134,2025-08-28 11:21:18,914800.0
2135,2025-08-28 11:26:48,914800.0
2136,2025-08-28 11:31:48,914800.0
2137,2025-08-28 11:37:19,914800.0
2138,2025-08-28 11:42:49,914800.0
2139,2025-08-28 11:47:03,914800.0
2140,2025-08-28 11:53:19,914800.0
2141,2025-08-28 11:57:49,914800.0
2142,2025-08-28 12:03:19,914800.0
2143,2025-08-28 12:08:50,914800.0
2144,2025-08-28 12:14:20,914800.0
2145,2025-08-28 12:19:50,914800.0
2146,2025-08-28 12:25:50,914800.0
2147,2025-08-28 12:30:20,914800.0
2148,2025-08-28 12:35:50,914800.0
2149,2025-08-28 12:40:21,914800.0
2150,2025-08-28 12:46:21,914800.0
2151,2025-08-28 12:52:51,914800.0
2152,2025-08-28 12:58:51,914800.0
2153,2025-08-28 13:04:21,914800.0
2154,2025-08-28 13:10:52,914800.0
2155,2025-08-28 13:17:22,914800.0
2156,2025-08-28 13:22:22,914800.0
2157,2025-08-28 13:27:52,914800.0
2158,2025-08-28 13:33:22,914800.0
2159,2025-08-28 13:38:52,914800.0
2160,2025-08-28 13:44:17,914800.0
2161,2025-08-28 13:50:23,914800.0
2162,2025-08-28 13:56:23,914800.0
2163,2025-08-28 14:02:53,914800.0
2164,2025-08-28 14:09:23,914800.0
2165,2025-08-28 14:15:24,914800.0
2166,2025-08-28 14:20:54,914800.0
2167,2025-08-28 14:26:54,914800.0
2168,2025-08-28 14:32:24,914800.0
2169,2025-08-28 14:38:24,914800.0
2170,2025-08-28 14:44:55,914800.0
2171,2025-08-28 14:50:25,914800.0
2172,2025-08-28 14:56:25,914800.0
2173,2025-08-28 15:02:55,914800.0
2174,2025-08-28 15:08:25,914800.0
2175,2025-08-28 15:15:26,914800.0
2176,2025-08-28 15:20:56,914800.0
2177,2025-08-28 15:26:26,914800.0
2178,2025-08-28 15:30:00,914800.0
2179,2025-08-29 09:15:15,914800.0
2180,2025-08-29 09:19:45,914800.0
2181,2025-08-29 09:26:15,914800.0
2182,2025-08-29 09:31:45,914800.0
2183,2025-08-29 09:37:45,914800.0
2184,2025-08-29 09:43:16,872050.0
2185,2025-08-29 09:48:46,897100.0
2186,2025-08-29 09:54:16,894250.0
2187,2025-08-29 09:59:46,905650.0
2188,2025-08-29 10:05:16,931600.0
2189,2025-08-29 10:11:17,929350.0
2190,2025-08-29 10:16:47,929350.0
2191,2025-08-29 10:22:17,929350.0
2192,2025-08-29 10:27:17,936100.0
2193,2025-08-29 10:34:17,957250.0
2194,2025-08-29 10:39:48,975700.0
2195,2025-08-29 10:45:18,985600.0
2196,2025-08-29 10:50:48,979750.0
2197,2025-08-29 10:56:18,955450.0
2198,2025-08-29 11:01:48,967300.0
2199,2025-08-29 11:07:18,964150.0000000001
2200,2025-08-29 11:14:19,1007200.0
2201,2025-08-29 11:21:19,972250.0
2202,2025-08-29 11:26:49,972250.0
2203,2025-08-29 11:33:19,972250.0
2204,2025-08-29 11:38:50,972250.0
2205,2025-08-29 11:45:50,972250.0
2206,2025-08-29 11:51:20,972250.0
2207,2025-08-29 11:56:50,972250.0
2208,2025-08-29 12:02:20,972250.0
2209,2025-08-29 12:07:50,972250.0
2210,2025-08-29 12:14:51,972250.0
2211,2025-08-29 12:20:51,972250.0
2212,2025-08-29 12:26:21,972250.0
2213,2025-08-29 12:31:21,972250.0
2214,2025-08-29 12:38:21,972250.0
2215,2025-08-29 12:44:52,972250.0
2216,2025-08-29 12:50:22,972250.0
2217,2025-08-29 12:56:22,972250.0
2218,2025-08-29 13:02:52,972250.0
2219,2025-08-29 13:08:53,972250.0
2220,2025-08-29 13:15:23,972250.0
2221,2025-08-29 13:21:53,972250.0
2222,2025-08-29 13:27:53,972250.0
2223,2025-08-29 13:33:23,972250.0
2224,2025-08-29 13:39:23,972250.0
2225,2025-08-29 13:44:54,972250.0
2226,2025-08-29 13:50:54,972250.0
2227,2025-08-29 13:56:24,972250.0
2228,2025-08-29 14:01:54,972250.0
2229,2025-08-29 14:07:24,972250.0
2230,2025-08-29 14:15:25,972250.0
2231,2025-08-29 14:20:55,972250.0
2232,2025-08-29 14:27:25,972250.0
2233,2025-08-29 14:34:25,972250.0
2234,2025-08-29 14:40:26,972250.0
2235,2025-08-29 14:46:56,959200.0
2236,2025-08-29 14:52:56,966250.0
2237,2025-08-29 14:59:26,925750.0
2238,2025-08-29 15:05:26,967150.0
2239,2025-08-29 15:11:57,1038850.0
2240,2025-08-29 15:18:27,999700.0
2241,2025-08-29 15:24:27,999700.0
2242,2025-08-29 15:30:00,999700.0
2243,2025-09-01 09:19:45,999700.0
2244,2025-09-01 09:25:15,999700.0
2245,2025-09-01 09:30:45,1003600.0
2246,2025-09-01 09:36:16,1027450.0
2247,2025-09-01 09:41:46,1012750.0
2248,2025-09-01 09:47:46,1012750.0
2249,2025-09-01 09:53:16,1012750.0
2250,2025-09-01 09:58:46,1012750.0
2251,2025-09-01 10:04:16,1012750.0
2252,2025-09-01 10:09:47,1012750.0
2253,2025-09-01 10:14:17,1012750.0
2254,2025-09-01 10:20:17,1012750.0
2255,2025-09-01 10:24:47,1012750.0
2256,2025-09-01 10:30:17,1012750.0
2257,2025-09-01 10:35:47,1012750.0
2258,2025-09-01 10:41:48,1012750.0
2259,2025-09-01 10:47:18,1012750.0
2260,2025-09-01 10:52:48,1012750.0
2261,2025-09-01 10:58:18,1012750.0
2262,2025-09-01 11:03:48,1012750.0
2263,2025-09-01 11:10:49,1012750.0
2264,2025-09-01 11:15:19,1012750.0
2265,2025-09-01 11:21:49,1012750.0
2266,2025-09-01 11:27:19,1012750.0
2267,2025-09-01 11:32:49,1012750.0
2268,2025-09-01 11:38:49,1012750.0
2269,2025-09-01 11:44:20,1012750.0
2270,2025-09-01 11:48:50,1012750.0
2271,2025-09-01 11:54:20,1012750.0
2272,2025-09-01 12:00:20,1012750.0
2273,2025-09-01 12:05:50,1012750.0
2274,2025-09-01 12:11:21,1012750.0
2275,2025-09-01 12:15:51,1012750.0
2276,2025-09-01 12:21:51,1012750.0
2277,2025-09-01 12:27:21,1012750.0
2278,2025-09-01 12:31:43,1012750.0
2279,2025-09-01 12:36:51,1012750.0
2280,2025-09-01 12:42:22,1012750.0
2281,2025-09-01 12:48:22,1012750.0
2282,2025-09-01 12:52:52,1012750.0
2283,2025-09-01 12:58:22,1012750.0
2284,2025-09-01 13:03:52,1012750.0
2285,2025-09-01 13:08:22,1012750.0
2286,2025-09-01 13:14:23,1012750.0
2287,2025-09-01 13:19:23,1012750.0
2288,2025-09-01 13:24:53,1012750.0
2289,2025-09-01 13:30:53,1012750.0
2290,2025-09-01 13:36:23,1012750.0
2291,2025-09-01 13:40:53,1012750.0
2292,2025-09-01 13:46:24,1012750.0
2293,2025-09-01 13:52:24,1012750.0
2294,2025-09-01 13:56:54,1012750.0
2295,2025-09-01 14:02:24,1012750.0
2296,2025-09-01 14:07:54,1012750.0
2297,2025-09-01 14:13:55,1012750.0
2298,2025-09-01 14:19:55,1012750.0
2299,2025-09-01 14:25:25,1012750.0
2300,2025-09-01 14:30:55,1012750.0
2301,2025-09-01 14:37:25,1012750.0
2302,2025-09-01 14:42:55,1012750.0
2303,2025-09-01 14:48:56,1012750.0
2304,2025-09-01 14:54:56,1012750.0
2305,2025-09-01 15:00:26,1012750.0
2306,2025-09-01 15:05:56,1012750.0
2307,2025-09-01 15:11:26,1012750.0
2308,2025-09-01 15:16:56,1012750.0
2309,2025-09-01 15:22:27,1012750.0
2310,2025-09-01 15:27:57,1012750.0
2311,2025-09-01 15:30:00,1012750.0
2312,2025-09-02 09:20:14,1012750.0
2313,2025-09-02 09:25:44,1012750.0
2314,2025-09-02 09:30:14,1012750.0
2315,2025-09-02 09:35:45,1012750.0
2316,2025-09-02 09:41:45,1012750.0
2317,2025-09-02 09:46:45,1012750.0
2318,2025-09-02 09:51:45,1012750.0
2319,2025-09-02 09:57:15,1012750.0
2320,2025-09-02 10:03:16,1012750.0
2321,2025-09-02 10:07:46,1012750.0
2322,2025-09-02 10:13:16,1012750.0
2323,2025-09-02 10:17:46,1012750.0
2324,2025-09-02 10:23:16,1012750.0
2325,2025-09-02 10:28:46,1012750.0
2326,2025-09-02 10:34:17,1012750.0
2327,2025-09-02 10:38:47,1012750.0
2328,2025-09-02 10:44:17,1012750.0
2329,2025-09-02 10:49:47,1012750.0
2330,2025-09-02 10:54:47,1012750.0
2331,2025-09-02 11:00:17,1012750.0
2332,2025-09-02 11:06:17,1012750.0
2333,2025-09-02 11:11:18,1012750.0
2334,2025-09-02 11:15:48,1012750.0
2335,2025-09-02 11:21:48,1012750.0
2336,2025-09-02 11:26:18,1012750.0
2337,2025-09-02 11:31:48,1012750.0
2338,2025-09-02 11:37:18,1012750.0
2339,2025-09-02 11:43:19,1012750.0
2340,2025-09-02 11:48:49,1012750.0
2341,2025-09-02 11:54:49,1012750.0
2342,2025-09-02 12:00:19,1012750.0
2343,2025-09-02 12:06:19,1012750.0
2344,2025-09-02 12:10:20,1012750.0
2345,2025-09-02 12:15:50,1012750.0
2346,2025-09-02 12:21:20,1012750.0
2347,2025-09-02 12:25:50,1012750.0
2348,2025-09-02 12:32:20,1012750.0
2349,2025-09-02 12:37:20,1012750.0
2350,2025-09-02 12:41:51,1012750.0
2351,2025-09-02 12:47:21,1012750.0
2352,2025-09-02 12:52:51,1012750.0
2353,2025-09-02 12:58:51,1012750.0
2354,2025-09-02 13:03:21,1012750.0
2355,2025-09-02 13:08:51,1012750.0
2356,2025-09-02 13:14:22,1012750.0
2357,2025-09-02 13:19:52,1012750.0
2358,2025-09-02 13:24:52,1012750.0
2359,2025-09-02 13:30:22,1012750.0
2360,2025-09-02 13:35:52,1012750.0
2361,2025-09-02 13:40:52,1012750.0
2362,2025-09-02 13:46:23,1012750.0
2363,2025-09-02 13:50:53,1012750.0
2364,2025-09-02 13:56:53,1012750.0
2365,2025-09-02 14:02:23,1012750.0
2366,2025-09-02 14:06:53,1012750.0
2367,2025-09-02 14:12:23,1012750.0
2368,2025-09-02 14:17:24,1012750.0
2369,2025-09-02 14:22:54,1012750.0
2370,2025-09-02 14:28:24,1012750.0
2371,2025-09-02 14:33:54,1012750.0
2372,2025-09-02 14:39:24,1012750.0
2373,2025-09-02 14:44:54,1012750.0
2374,2025-09-02 14:50:55,1012750.0
2375,2025-09-02 14:56:25,1012750.0
2376,2025-09-02 15:01:55,1012750.0
2377,2025-09-02 15:07:55,1012750.0
2378,2025-09-02 15:13:25,1012750.0
2379,2025-09-02 15:18:55,1012750.0
2380,2025-09-02 15:24:26,1012750.0
2381,2025-09-02 15:30:00,1012750.0
2382,2025-09-03 09:19:45,1012750.0
2383,2025-09-03 09:25:15,1012750.0
2384,2025-09-03 09:31:15,1012750.0
2385,2025-09-03 09:37:15,1012750.0
2386,2025-09-03 09:42:16,1012750.0
2387,2025-09-03 09:48:46,1012750.0
2388,2025-09-03 09:54:16,1012750.0
2389,2025-09-03 10:00:16,1012750.0
2390,2025-09-03 10:06:16,1012750.0
2391,2025-09-03 10:11:16,1012750.0
2392,2025-09-03 10:16:47,1012750.0
2393,2025-09-03 10:22:47,1012750.0
2394,2025-09-03 10:28:17,1012750.0
2395,2025-09-03 10:33:47,993250.0
2396,2025-09-03 10:39:47,946450.0
2397,2025-09-03 10:45:17,946450.0
2398,2025-09-03 10:49:48,948850.0
2399,2025-09-03 10:56:18,947500.0
2400,2025-09-03 11:01:48,945850.0
2401,2025-09-03 11:06:48,919750.0
2402,2025-09-03 11:13:18,953500.0
2403,2025-09-03 11:18:49,947650.0
2404,2025-09-03 11:24:49,947650.0
2405,2025-09-03 11:29:19,947650.0
2406,2025-09-03 11:35:49,947650.0
2407,2025-09-03 11:40:19,947650.0
2408,2025-09-03 11:46:19,947650.0
2409,2025-09-03 11:51:50,947650.0
2410,2025-09-03 11:57:20,947650.0
2411,2025-09-03 12:18:20,947650.0
2412,2025-09-03 15:30:00,947650.0
2413,2025-09-04 09:15:15,947650.0
2414,2025-09-04 09:20:45,947650.0
2415,2025-09-04 09:26:15,947650.0
2416,2025-09-04 09:32:16,947650.0
2417,2025-09-04 09:37:46,947650.0
2418,2025-09-04 09:42:16,947650.0
2419,2025-09-04 09:47:46,947650.0
2420,2025-09-04 09:53:16,935500.0
2421,2025-09-04 09:59:16,929050.0
2422,2025-09-04 10:03:47,943900.0
2423,2025-09-04 10:09:17,974200.0
2424,2025-09-04 10:15:17,1072900.0
2425,2025-09-04 10:20:47,1029100.0
2426,2025-09-04 10:26:17,1029100.0
2427,2025-09-04 10:31:47,1029100.0
2428,2025-09-04 10:37:48,1029100.0
2429,2025-09-04 10:42:18,1029100.0
2430,2025-09-04 10:47:48,1029100.0
2431,2025-09-04 10:53:18,1029100.0
2432,2025-09-04 10:59:18,1029100.0
2433,2025-09-04 11:04:48,1029100.0
2434,2025-09-04 11:09:49,1029100.0
2435,2025-09-04 11:15:49,1029100.0
2436,2025-09-04 11:20:49,1029100.0
2437,2025-09-04 11:26:19,1029100.0
2438,2025-09-04 11:30:49,1029100.0
2439,2025-09-04 11:36:19,1029100.0
2440,2025-09-04 11:42:20,1029100.0
2441,2025-09-04 11:47:20,1029100.0
2442,2025-09-04 11:54:20,1029100.0
2443,2025-09-04 11:59:50,1029100.0
2444,2025-09-04 12:05:20,1029100.0
2445,2025-09-04 12:10:51,1029100.0
2446,2025-09-04 12:16:51,1029100.0
2447,2025-09-04 12:21:51,1061200.0
2448,2025-09-04 12:27:51,1069900.0
2449,2025-09-04 12:34:21,1043200.0
2450,2025-09-04 12:39:51,1019050.0
2451,2025-09-04 12:44:22,1019050.0
2452,2025-09-04 12:50:52,1019050.0
2453,2025-09-04 12:56:52,1019050.0
2454,2025-09-04 13:02:22,1019050.0
2455,2025-09-04 13:07:52,1019050.0
2456,2025-09-04 13:13:53,1019050.0
2457,2025-09-04 13:18:53,1019050.0
2458,2025-09-04 13:24:53,1019050.0
2459,2025-09-04 13:30:23,1019050.0
2460,2025-09-04 13:36:23,1019050.0
2461,2025-09-04 13:41:23,1019050.0
2462,2025-09-04 13:47:24,1019050.0
2463,2025-09-04 13:52:54,1019050.0
2464,2025-09-04 13:58:24,1019050.0
2465,2025-09-04 14:02:54,1019050.0
2466,2025-09-04 14:08:54,1019050.0
2467,2025-09-04 14:13:54,1019050.0
2468,2025-09-04 14:19:25,1019050.0
2469,2025-09-04 14:25:25,1019050.0
2470,2025-09-04 14:30:55,1019050.0
2471,2025-09-04 14:36:55,1019050.0
2472,2025-09-04 14:42:25,1003150.0
2473,2025-09-04 14:47:55,1030450.0
2474,2025-09-04 14:53:56,1012600.0
2475,2025-09-04 15:00:26,1012600.0
2476,2025-09-04 15:06:26,1012600.0
2477,2025-09-04 15:10:56,1012600.0
2478,2025-09-04 15:16:26,1012600.0
2479,2025-09-04 15:21:57,1012600.0
2480,2025-09-04 15:27:27,1012600.0
2481,2025-09-04 15:30:00,1012600.0
2482,2025-09-05 09:19:14,1012600.0
2483,2025-09-05 09:24:44,1012600.0
2484,2025-09-05 09:29:14,1012600.0
2485,2025-09-05 09:36:15,1012600.0
2486,2025-09-05 09:41:22,1012600.0
2487,2025-09-05 09:46:45,1004050.0
2488,2025-09-05 09:52:45,974650.0
2489,2025-09-05 09:58:15,1002400.0
2490,2025-09-05 10:04:16,1012450.0
2491,2025-09-05 10:09:46,1047250.0
2492,2025-09-05 10:15:16,1325950.0
2493,2025-09-05 10:21:16,1358800.0
2494,2025-09-05 10:26:46,1257700.0
2495,2025-09-05 10:32:16,1257700.0
2496,2025-09-05 10:37:47,1257700.0
2497,2025-09-05 10:42:17,1257700.0
2498,2025-09-05 10:47:47,1257700.0
2499,2025-09-05 10:53:17,1257700.0
2500,2025-09-05 10:59:14,1257700.0
2501,2025-09-05 11:04:47,1257700.0
2502,2025-09-05 11:10:18,1231150.0
2503,2025-09-05 11:15:48,1235500.0
2504,2025-09-05 11:21:48,1263850.0
2505,2025-09-05 11:27:18,1249750.0
2506,2025-09-05 11:32:48,1249750.0
2507,2025-09-05 11:38:19,1249750.0
2508,2025-09-05 11:44:19,1249750.0
2509,2025-09-05 11:49:49,1249750.0
2510,2025-09-05 11:55:19,1249750.0
2511,2025-09-05 12:00:49,1249750.0
2512,2025-09-05 12:06:19,1249750.0
2513,2025-09-05 12:12:20,1249750.0
2514,2025-09-05 12:17:20,1249750.0
2515,2025-09-05 12:22:50,1249750.0
2516,2025-09-05 12:28:20,1249750.0
2517,2025-09-05 12:34:50,1249750.0
2518,2025-09-05 12:40:51,1249750.0
2519,2025-09-05 12:46:21,1249750.0
2520,2025-09-05 12:51:51,1249750.0
2521,2025-09-05 12:57:21,1249750.0
2522,2025-09-05 13:03:21,1249750.0
2523,2025-09-05 13:08:51,1249750.0
2524,2025-09-05 13:14:22,1249750.0
2525,2025-09-05 13:20:22,1249750.0
2526,2025-09-05 13:25:52,1249750.0
2527,2025-09-05 13:31:22,1249750.0
2528,2025-09-05 13:35:52,1249750.0
2529,2025-09-05 13:41:22,1249750.0
2530,2025-09-05 13:46:53,1249750.0
2531,2025-09-05 13:52:53,1249750.0
2532,2025-09-05 13:57:53,1249750.0
2533,2025-09-05 14:03:53,1249750.0
2534,2025-09-05 14:09:23,1249750.0
2535,2025-09-05 14:15:23,1249750.0
2536,2025-09-05 14:20:54,1249750.0
2537,2025-09-05 14:26:24,1249750.0
2538,2025-09-05 14:31:54,1249750.0
2539,2025-09-05 14:38:24,1249750.0
2540,2025-09-05 14:44:24,1249750.0
2541,2025-09-05 14:49:55,1249750.0
2542,2025-09-05 14:55:25,1249750.0
2543,2025-09-05 15:00:55,1249750.0
2544,2025-09-05 15:06:55,1249750.0
2545,2025-09-05 15:12:25,1249750.0
2546,2025-09-05 15:17:55,1249750.0
2547,2025-09-05 15:24:26,1249750.0
2548,2025-09-05 15:30:00,1249750.0
2549,2025-09-08 09:19:15,1249750.0
2550,2025-09-08 09:25:15,1249750.0
2551,2025-09-08 09:31:45,1249750.0
2552,2025-09-08 09:36:15,1249750.0
2553,2025-09-08 09:42:15,1249750.0
2554,2025-09-08 09:48:46,1249750.0
2555,2025-09-08 09:54:46,1249750.0
2556,2025-09-08 10:00:16,1251550.0
2557,2025-09-08 10:05:46,1232950.0
2558,2025-09-08 10:11:16,1240750.0
2559,2025-09-08 10:18:17,1249300.0
2560,2025-09-08 10:23:47,1260400.0
2561,2025-09-08 10:29:17,1263700.0
2562,2025-09-08 10:34:47,1294600.0
2563,2025-09-08 10:40:47,1261000.0
2564,2025-09-08 10:46:17,1261000.0
2565,2025-09-08 10:51:48,1261000.0
2566,2025-09-08 10:57:18,1261000.0
2567,2025-09-08 11:02:48,1261000.0
2568,2025-09-08 11:08:48,1261000.0
2569,2025-09-08 11:14:18,1261000.0
2570,2025-09-08 11:19:49,1261000.0
2571,2025-09-08 11:25:19,1261000.0
2572,2025-09-08 11:31:19,1261000.0
2573,2025-09-08 11:36:49,1261000.0
2574,2025-09-08 11:42:19,1261000.0
2575,2025-09-08 11:47:49,1261000.0
2576,2025-09-08 11:53:20,1261000.0
2577,2025-09-08 11:58:50,1261000.0
2578,2025-09-08 12:04:20,1261000.0
2579,2025-09-08 12:09:50,1261000.0
2580,2025-09-08 12:15:20,1261000.0
2581,2025-09-08 12:21:20,1261000.0
2582,2025-09-08 12:26:51,1261000.0
2583,2025-09-08 12:32:21,1261000.0
2584,2025-09-08 12:37:51,1261000.0
2585,2025-09-08 12:43:51,1261000.0
2586,2025-09-08 12:49:21,1261000.0
2587,2025-09-08 12:54:52,1261000.0
2588,2025-09-08 13:00:52,1261000.0
2589,2025-09-08 13:06:22,1250650.0
2590,2025-09-08 13:11:52,1250650.0
2591,2025-09-08 13:17:22,1247650.0
2592,2025-09-08 13:23:22,1247650.0
2593,2025-09-08 13:29:23,1247650.0
2594,2025-09-08 13:34:53,1247650.0
2595,2025-09-08 13:41:23,1247650.0
2596,2025-09-08 13:47:23,1247650.0
2597,2025-09-08 13:52:53,1247650.0
2598,2025-09-08 13:58:54,1247650.0
2599,2025-09-08 14:04:24,1247650.0
2600,2025-09-08 14:09:54,1247650.0
2601,2025-09-08 14:14:24,1247650.0
2602,2025-09-08 14:21:24,1247650.0
2603,2025-09-08 14:25:54,1247650.0
2604,2025-09-08 14:31:55,1247650.0
2605,2025-09-08 14:37:25,1247650.0
2606,2025-09-08 14:41:55,1247650.0
2607,2025-09-08 14:48:55,1247650.0
2608,2025-09-08 14:54:25,1247650.0
2609,2025-09-08 14:59:25,1247650.0
2610,2025-09-08 15:04:56,1247650.0
2611,2025-09-08 15:10:26,1247650.0
2612,2025-09-08 15:15:56,1247650.0
2613,2025-09-08 15:21:56,1247650.0
2614,2025-09-08 15:27:26,1247650.0
2615,2025-09-08 15:30:00,1247650.0
2616,2025-09-09 09:19:45,1247650.0
2617,2025-09-09 09:25:15,1247650.0
2618,2025-09-09 09:31:15,1247650.0
2619,2025-09-09 09:37:45,1247650.0
2620,2025-09-09 09:43:16,1247650.0
2621,2025-09-09 09:49:16,1247650.0
2622,2025-09-09 09:54:46,1247650.0
2623,2025-09-09 10:01:46,1247650.0
2624,2025-09-09 10:06:16,1247650.0
2625,2025-09-09 10:11:46,1247650.0
2626,2025-09-09 10:17:17,1247650.0
2627,2025-09-09 10:22:47,1247650.0
2628,2025-09-09 10:28:47,1247650.0
2629,2025-09-09 10:34:17,1247650.0
2630,2025-09-09 10:39:47,1247650.0
2631,2025-09-09 10:45:18,1247650.0
2632,2025-09-09 10:51:18,1247650.0
2633,2025-09-09 10:56:48,1247650.0
2634,2025-09-09 11:02:18,1247650.0
2635,2025-09-09 11:08:18,1247650.0
2636,2025-09-09 11:13:18,1247650.0
2637,2025-09-09 11:19:19,1247650.0
2638,2025-09-09 11:24:49,1247650.0
2639,2025-09-09 11:30:49,1247650.0
2640,2025-09-09 11:36:19,1247650.0
2641,2025-09-09 11:41:49,1247650.0
2642,2025-09-09 11:47:19,1247650.0
2643,2025-09-09 11:52:50,1247650.0
2644,2025-09-09 11:57:20,1247650.0
2645,2025-09-09 12:02:50,1247650.0
2646,2025-09-09 12:07:53,1247650.0
2647,2025-09-09 12:13:50,1247650.0
2648,2025-09-09 12:19:50,1247650.0
2649,2025-09-09 12:25:21,1247650.0
2650,2025-09-09 12:30:51,1247650.0
2651,2025-09-09 12:36:21,1247650.0
2652,2025-09-09 12:42:21,1247650.0
2653,2025-09-09 12:46:51,1247650.0
2654,2025-09-09 12:52:22,1247650.0
2655,2025-09-09 12:57:52,1247650.0
2656,2025-09-09 13:03:22,1247650.0
2657,2025-09-09 13:09:22,1247650.0
2658,2025-09-09 13:14:52,1247650.0
2659,2025-09-09 13:19:52,1247650.0
2660,2025-09-09 13:25:53,1247650.0
2661,2025-09-09 13:31:23,1247650.0
2662,2025-09-09 13:37:23,1247650.0
2663,2025-09-09 13:43:53,1247650.0
2664,2025-09-09 13:49:23,1247650.0
2665,2025-09-09 13:54:53,1247650.0
2666,2025-09-09 14:00:54,1247650.0
2667,2025-09-09 14:06:24,1247650.0
2668,2025-09-09 14:11:24,1247650.0
2669,2025-09-09 14:17:54,1247650.0
2670,2025-09-09 14:23:24,1247650.0
2671,2025-09-09 14:28:55,1247650.0
2672,2025-09-09 14:35:25,1247650.0
2673,2025-09-09 14:41:25,1247650.0
2674,2025-09-09 14:46:55,1247650.0
2675,2025-09-09 14:52:55,1247650.0
2676,2025-09-09 14:57:55,1247650.0
2677,2025-09-09 15:04:56,1247650.0
2678,2025-09-09 15:10:26,1247650.0
2679,2025-09-09 15:16:26,1247650.0
2680,2025-09-09 15:21:56,1247650.0
2681,2025-09-09 15:27:26,1247650.0
2682,2025-09-09 15:30:00,1247650.0
2683,2025-09-09 15:24:26,1247650.0
2684,2025-09-10 09:20:15,1247650.0
2685,2025-09-10 09:25:45,1247650.0
2686,2025-09-10 09:31:15,1247650.0
2687,2025-09-10 09:37:15,1247650.0
2688,2025-09-10 09:42:46,1247650.0
2689,2025-09-10 09:48:16,1247650.0
2690,2025-09-10 09:55:16,1247650.0
2691,2025-09-10 10:01:46,1247650.0
2692,2025-09-10 10:08:46,1247650.0
2693,2025-09-10 10:14:17,1247650.0
2694,2025-09-10 10:19:47,1247650.0
2695,2025-09-10 10:26:47,1247650.0
2696,2025-09-10 10:32:17,1247650.0
2697,2025-09-10 10:37:47,1247650.0
2698,2025-09-10 10:43:48,1247650.0
2699,2025-09-10 10:49:18,1247650.0
2700,2025-09-10 10:56:18,1247650.0
2701,2025-09-10 11:01:48,1247650.0
2702,2025-09-10 11:07:48,1247650.0
2703,2025-09-10 11:13:19,1247650.0
2704,2025-09-10 11:18:49,1247650.0
2705,2025-09-10 11:24:19,1247650.0
2706,2025-09-10 11:29:49,1247650.0
2707,2025-09-10 11:36:49,1247650.0
2708,2025-09-10 11:42:19,1247650.0
2709,2025-09-10 11:47:50,1247650.0
2710,2025-09-10 11:53:20,1247650.0
2711,2025-09-10 11:58:50,1247650.0
2712,2025-09-10 12:05:50,1247650.0
2713,2025-09-10 12:11:20,1247650.0
2714,2025-09-10 12:16:51,1247650.0
2715,2025-09-10 12:23:21,1247650.0
2716,2025-09-10 12:28:51,1247650.0
2717,2025-09-10 12:34:51,1247650.0
2718,2025-09-10 12:40:21,1247650.0
2719,2025-09-10 12:46:21,1247650.0
2720,2025-09-10 12:53:22,1247650.0
2721,2025-09-10 12:58:52,1247650.0
2722,2025-09-10 13:04:52,1247650.0
2723,2025-09-10 13:10:22,1247650.0
2724,2025-09-10 13:17:22,1247650.0
2725,2025-09-10 13:22:53,1247650.0
2726,2025-09-10 13:28:23,1247650.0
2727,2025-09-10 13:34:53,1229050.0
2728,2025-09-10 13:40:53,1234900.0
2729,2025-09-10 13:46:23,1240600.0
2730,2025-09-10 13:51:54,1239850.0
2731,2025-09-10 13:57:54,1239850.0
2732,2025-09-10 14:04:24,1239850.0
2733,2025-09-10 14:09:54,1239850.0
2734,2025-09-10 14:15:24,1239850.0
2735,2025-09-10 14:21:17,1239850.0
2736,2025-09-10 14:27:55,1239850.0
2737,2025-09-10 14:33:55,1239850.0
2738,2025-09-10 14:39:25,1239850.0
2739,2025-09-10 14:45:55,1239850.0
2740,2025-09-10 14:51:55,1239850.0
2741,2025-09-10 14:57:26,1239850.0
2742,2025-09-10 15:03:26,1239850.0
2743,2025-09-10 15:08:56,1239850.0
2744,2025-09-10 15:15:26,1239850.0
2745,2025-09-10 15:21:26,1239850.0
2746,2025-09-10 15:26:56,1239850.0
2747,2025-09-11 09:22:14,1239850.0
2748,2025-09-11 11:51:49,1239850.0
2749,2025-09-11 11:57:49,1239850.0
2750,2025-09-11 12:05:19,1239850.0
2751,2025-09-11 12:10:50,1239850.0
2752,2025-09-11 12:17:50,1239850.0
2753,2025-09-11 12:26:20,1239850.0
2754,2025-09-11 12:32:20,1239850.0
2755,2025-09-11 12:42:21,1239850.0
2756,2025-09-11 12:49:21,1239850.0
2757,2025-09-11 12:55:21,1239850.0
2758,2025-09-11 13:01:21,1239850.0
2759,2025-09-11 13:09:52,1239850.0
2760,2025-09-11 13:14:52,1239850.0
2761,2025-09-11 13:29:52,1239850.0
2762,2025-09-29 15:30:00,1239850.0
2763,2025-09-30 09:19:14,1239850.0
2764,2025-09-30 09:22:44,1239850.0
2765,2025-09-30 09:29:14,1239850.0
2766,2025-09-30 09:33:45,1239850.0
2767,2025-09-30 09:39:45,1239850.0
2768,2025-09-30 09:44:45,1239850.0
2769,2025-09-30 09:49:45,1239850.0
2770,2025-09-30 09:55:45,1239850.0
2771,2025-09-30 10:00:45,1239850.0
2772,2025-09-30 10:05:46,1239850.0
2773,2025-09-30 10:10:16,1239850.0
2774,2025-09-30 10:16:16,1239850.0
2775,2025-09-30 10:21:46,1239850.0
2776,2025-09-30 10:26:46,1239850.0
2777,2025-09-30 10:32:16,1239850.0
2778,2025-09-30 10:38:17,1239850.0
2779,2025-09-30 10:43:17,1239850.0
2780,2025-09-30 10:48:17,1239850.0
2781,2025-09-30 10:54:17,1239850.0
2782,2025-09-30 10:58:47,1239850.0
2783,2025-09-30 11:05:17,1239850.0
2784,2025-09-30 11:09:48,1239850.0
2785,2025-09-30 11:15:48,1239850.0
2786,2025-09-30 11:20:48,1239850.0
2787,2025-09-30 11:25:48,1239850.0
2788,2025-09-30 11:31:18,1239850.0
2789,2025-09-30 11:36:18,1239850.0
2790,2025-09-30 11:44:19,1239850.0
2791,2025-09-30 11:54:19,1239850.0
2792,2025-09-30 12:03:49,1239850.0
2793,2025-09-30 12:09:19,1239850.0
2794,2025-09-30 12:15:50,1239850.0
2795,2025-09-30 12:21:20,1239850.0
2796,2025-09-30 12:26:20,1239850.0
2797,2025-09-30 12:31:50,1239850.0
2798,2025-09-30 12:37:20,1239850.0
2799,2025-09-30 12:42:21,1239850.0
2800,2025-09-30 12:48:21,1239850.0
2801,2025-09-30 12:53:51,1239850.0
2802,2025-09-30 12:58:51,1239850.0
2803,2025-09-30 13:04:22,1239850.0
2804,2025-09-30 13:08:57,1239850.0
2805,2025-09-30 13:14:52,1239850.0
2806,2025-09-30 13:20:22,1239850.0
2807,2025-09-30 13:24:52,1239850.0
2808,2025-09-30 13:29:53,1239850.0
2809,2025-09-30 13:36:53,1239850.0
2810,2025-09-30 13:41:23,1239850.0
2811,2025-09-30 13:46:53,1239850.0
2812,2025-09-30 13:52:54,1239850.0
2813,2025-09-30 13:57:54,1239850.0
2814,2025-09-30 14:04:24,1239850.0
2815,2025-09-30 14:09:24,1239850.0
2816,2025-09-30 14:14:55,1239850.0
2817,2025-09-30 14:19:25,1239850.0
2818,2025-09-30 14:26:25,1239850.0
2819,2025-09-30 14:30:25,1239850.0
2820,2025-09-30 14:36:25,1239850.0
2821,2025-09-30 14:41:56,1239850.0
2822,2025-09-30 14:47:56,1239850.0
2823,2025-09-30 14:52:56,1239850.0
2824,2025-09-30 14:57:56,1239850.0
2825,2025-09-30 15:03:56,1239850.0
2826,2025-09-30 15:08:57,1239850.0
2827,2025-09-30 15:13:57,1239850.0
2828,2025-09-30 15:19:27,1239850.0
2829,2025-09-30 15:24:57,1239850.0
2830,2025-09-30 15:30:00,1239850.0
2831,2025-10-01 09:17:44,1239850.0
2832,2025-10-01 09:23:15,1239850.0
2833,2025-10-01 09:28:15,1239850.0
2834,2025-10-01 09:34:15,1239850.0
2835,2025-10-01 09:38:15,1240150.0
2836,2025-10-01 09:44:45,1296100.0
2837,2025-10-01 09:49:16,1312600.0
2838,2025-10-01 09:53:46,1256800.0
2839,2025-10-01 09:58:46,1256800.0
2840,2025-10-01 10:03:46,1256800.0
2841,2025-10-01 10:09:46,1256800.0
2842,2025-10-01 10:14:47,1256800.0
2843,2025-10-01 10:19:17,1256800.0
2844,2025-10-01 10:25:17,1256800.0
2845,2025-10-01 10:30:17,1256800.0
2846,2025-10-01 10:36:17,1256800.0
2847,2025-10-01 10:41:17,1256800.0
2848,2025-10-01 10:46:18,1256800.0
2849,2025-10-01 10:52:18,1256800.0
2850,2025-10-01 10:56:48,1256800.0
2851,2025-10-01 11:01:18,1256800.0
2852,2025-10-01 11:05:48,1256800.0
2853,2025-10-01 11:10:49,1256800.0
2854,2025-10-01 11:16:19,1256800.0
2855,2025-10-01 11:21:49,1256800.0
2856,2025-10-01 11:25:49,1256800.0
2857,2025-10-01 11:31:49,1256800.0
2858,2025-10-01 11:35:49,1256800.0
2859,2025-10-01 11:40:20,1256800.0
2860,2025-10-01 11:46:50,1256800.0
2861,2025-10-01 11:51:20,1256800.0
2862,2025-10-01 11:55:50,1256800.0
2863,2025-10-01 12:01:20,1256800.0
2864,2025-10-01 12:06:51,1256800.0
2865,2025-10-01 12:12:21,1268350.0
2866,2025-10-01 12:17:21,1261750.0
2867,2025-10-01 12:22:21,1223350.0
2868,2025-10-01 12:28:21,1236400.0
2869,2025-10-01 12:33:21,1240150.0
2870,2025-10-01 12:38:52,1235800.0
2871,2025-10-01 12:44:22,1235800.0
2872,2025-10-01 12:50:22,1235800.0
2873,2025-10-01 12:54:52,1235800.0
2874,2025-10-01 12:59:22,1235800.0
2875,2025-10-01 13:04:22,1235800.0
2876,2025-10-01 13:10:23,1235800.0
2877,2025-10-01 13:15:23,1235800.0
2878,2025-10-01 13:20:53,1235800.0
2879,2025-10-01 13:26:53,1235800.0
2880,2025-10-01 13:32:23,1235800.0
2881,2025-10-01 13:36:54,1235800.0
2882,2025-10-01 13:41:24,1235800.0
2883,2025-10-01 13:47:24,1235800.0
2884,2025-10-01 13:52:24,1235800.0
2885,2025-10-01 13:59:24,1235800.0
2886,2025-10-01 14:04:25,1235800.0
2887,2025-10-01 14:09:25,1235800.0
2888,2025-10-01 14:15:25,1235800.0
2889,2025-10-01 14:21:25,1235800.0
2890,2025-10-01 14:24:55,1235800.0
2891,2025-10-01 14:31:26,1235800.0
2892,2025-10-01 14:35:56,1235800.0
2893,2025-10-01 14:40:56,1235800.0
2894,2025-10-01 14:45:56,1235800.0
2895,2025-10-01 14:50:56,1235800.0
2896,2025-10-01 14:55:26,1235800.0
2897,2025-10-01 15:01:27,1235800.0
2898,2025-10-01 15:06:27,1235800.0
2899,2025-10-01 15:11:27,1235800.0
2900,2025-10-01 15:17:27,1235800.0
2901,2025-10-01 15:22:27,1235800.0
2902,2025-10-01 15:27:58,1235800.0
2903,2025-10-01 15:30:00,1235800.0
2904,2025-10-03 09:16:45,1235800.0
2905,2025-10-03 09:22:45,1229500.0
2906,2025-10-03 09:28:15,1280950.0
2907,2025-10-03 09:34:45,1254100.0
2908,2025-10-03 09:39:46,1240150.0
2909,2025-10-03 09:45:16,1220200.0
2910,2025-10-03 09:54:16,1243150.0
2911,2025-10-03 10:00:46,1248100.0
2912,2025-10-03 10:06:46,1225000.0
2913,2025-10-03 10:12:47,1246450.0
2914,2025-10-03 10:17:17,1260250.0
2915,2025-10-03 10:22:47,1246900.0
2916,2025-10-03 10:28:17,1246900.0
2917,2025-10-03 10:33:17,1246900.0
2918,2025-10-03 10:39:47,1246900.0
2919,2025-10-03 10:46:18,1246900.0
2920,2025-10-03 10:51:18,1246900.0
2921,2025-10-03 10:57:48,1246900.0
2922,2025-10-03 11:03:18,1246900.0
2923,2025-10-03 11:09:19,1246900.0
2924,2025-10-03 11:14:49,1246900.0
2925,2025-10-03 11:19:19,1246900.0
2926,2025-10-03 11:26:49,1246900.0
2927,2025-10-03 11:31:19,1246900.0
2928,2025-10-03 11:37:19,1246900.0
2929,2025-10-03 11:43:20,1246900.0
2930,2025-10-03 11:49:20,1246900.0
2931,2025-10-03 11:54:20,1246900.0
2932,2025-10-03 11:59:20,1246900.0
2933,2025-10-03 12:04:50,1246900.0
2934,2025-10-03 12:11:51,1246900.0
2935,2025-10-03 12:17:51,1246900.0
2936,2025-10-03 12:23:21,1246900.0
2937,2025-10-03 12:28:21,1246900.0
2938,2025-10-03 12:34:21,1246900.0
2939,2025-10-03 12:39:52,1246900.0
2940,2025-10-03 12:45:52,1246900.0
2941,2025-10-03 12:50:52,1246900.0
2942,2025-10-03 12:57:22,1246900.0
2943,2025-10-03 13:02:52,1246900.0
2944,2025-10-03 13:07:52,1246900.0
2945,2025-10-03 13:14:23,1246900.0
2946,2025-10-03 13:19:23,1246900.0
2947,2025-10-03 13:24:23,1246900.0
2948,2025-10-03 13:31:23,1246900.0
2949,2025-10-03 13:36:23,1246900.0
2950,2025-10-03 13:40:54,1246900.0
2951,2025-10-03 13:46:54,1246900.0
2952,2025-10-03 13:51:54,1246900.0
2953,2025-10-03 13:57:54,1246900.0
2954,2025-10-03 14:03:24,1246900.0
2955,2025-10-03 14:09:25,1246900.0
2956,2025-10-03 14:19:53,1246900.0
2957,2025-10-03 14:25:25,1246900.0
2958,2025-10-03 14:32:25,1246900.0
2959,2025-10-03 14:37:55,1246900.0
2960,2025-10-03 14:43:26,1246900.0
2961,2025-10-03 14:48:26,1246900.0
2962,2025-10-03 14:54:26,1246900.0
2963,2025-10-03 15:00:26,1257250.0
2964,2025-10-03 15:04:56,1273900.0
2965,2025-10-03 15:10:57,1257400.0
2966,2025-10-03 15:17:27,1257400.0
2967,2025-10-03 15:21:57,1257400.0
2968,2025-10-03 15:27:57,1257400.0
2969,2025-10-03 15:30:00,1257400.0
2970,2025-10-06 09:17:44,1257400.0
2971,2025-10-06 09:30:15,1257400.0
2972,2025-10-06 09:36:15,1257400.0
2973,2025-10-06 09:45:15,1257400.0
2974,2025-10-06 09:53:46,1257400.0
2975,2025-10-06 10:03:46,1257400.0
2976,2025-10-06 10:17:47,1257400.0
2977,2025-10-06 10:36:18,1257400.0
2978,2025-10-06 10:47:48,1257400.0
2979,2025-10-06 10:56:18,1257400.0
2980,2025-10-06 11:03:19,1257400.0
2981,2025-10-06 11:17:19,1257400.0
2982,2025-10-06 11:44:50,1257400.0
2983,2025-10-06 11:55:21,1257400.0
2984,2025-10-06 12:04:51,1257400.0
2985,2025-10-06 12:17:22,1257400.0
2986,2025-10-06 12:23:22,1257400.0
2987,2025-10-06 12:41:23,1257400.0
2988,2025-10-06 12:43:53,1257400.0
2989,2025-10-06 12:54:23,1257400.0
2990,2025-10-06 13:09:54,1257400.0
2991,2025-10-06 13:21:25,1257400.0
2992,2025-10-06 13:24:55,1257400.0
2993,2025-10-06 13:37:55,1257400.0
2994,2025-10-06 13:47:56,1257400.0
2995,2025-10-06 14:05:26,1257400.0
2996,2025-10-06 14:20:57,1257400.0
2997,2025-10-06 14:31:28,1257400.0
2998,2025-10-06 14:34:58,1257400.0
2999,2025-10-06 14:47:28,1257400.0
3000,2025-10-06 14:55:29,1257400.0
3001,2025-10-06 15:05:29,1257400.0
3002,2025-10-06 15:14:59,1257400.0
3003,2025-10-06 15:30:00,1257400.0
3004,2025-10-07 09:18:14,1257400.0
3005,2025-10-07 09:24:14,1257400.0
3006,2025-10-07 09:30:15,1257400.0
3007,2025-10-07 09:35:15,1257400.0
3008,2025-10-07 09:41:15,1257400.0
3009,2025-10-07 09:46:45,1257400.0
3010,2025-10-07 09:53:45,1257400.0
3011,2025-10-07 09:58:46,1257400.0
3012,2025-10-07 10:04:41,1257400.0
3013,2025-10-07 10:10:16,1257400.0
3014,2025-10-07 10:15:46,1257400.0
3015,2025-10-07 10:21:46,1257400.0
3016,2025-10-07 10:27:17,1257400.0
3017,2025-10-07 10:32:17,1257400.0
3018,2025-10-07 10:38:17,1257400.0
3019,2025-10-07 10:42:47,1257400.0
3020,2025-10-07 10:48:47,1257400.0
3021,2025-10-07 10:55:18,1257400.0
3022,2025-10-07 11:01:18,1257400.0
3023,2025-10-07 11:07:18,1257400.0
3024,2025-10-07 11:12:48,1257400.0
3025,2025-10-07 11:17:48,1257400.0
3026,2025-10-07 11:23:18,1257400.0
3027,2025-10-07 11:29:19,1257400.0
3028,2025-10-07 11:35:49,1257400.0
3029,2025-10-07 11:41:49,1257400.0
3030,2025-10-07 11:47:49,1257400.0
3031,2025-10-07 11:53:49,1257400.0
3032,2025-10-07 11:59:20,1257400.0
3033,2025-10-07 12:04:20,1257400.0
3034,2025-10-07 12:10:20,1257400.0
3035,2025-10-07 12:17:20,1257400.0
3036,2025-10-07 12:22:50,1257400.0
3037,2025-10-07 12:29:21,1257400.0
3038,2025-10-07 12:34:51,1257400.0
3039,2025-10-07 12:41:21,1257400.0
3040,2025-10-07 12:45:51,1257400.0
3041,2025-10-07 12:52:51,1257400.0
3042,2025-10-07 12:58:22,1257400.0
3043,2025-10-07 13:04:22,1257400.0
3044,2025-10-07 13:08:52,1257400.0
3045,2025-10-07 13:15:22,1257400.0
3046,2025-10-07 13:22:22,1257400.0
3047,2025-10-07 13:26:52,1257400.0
3048,2025-10-07 13:32:53,1257400.0
3049,2025-10-07 13:38:53,1257400.0
3050,2025-10-07 13:44:53,1257400.0
3051,2025-10-07 13:50:53,1257400.0
3052,2025-10-07 13:58:24,1257400.0
3053,2025-10-07 14:02:54,1257400.0
3054,2025-10-07 14:09:24,1257400.0
3055,2025-10-07 14:14:54,1257400.0
3056,2025-10-07 14:20:24,1257400.0
3057,2025-10-07 14:26:55,1257400.0
3058,2025-10-07 14:32:55,1257400.0
3059,2025-10-07 14:39:25,1257400.0
3060,2025-10-07 14:45:25,1257400.0
3061,2025-10-07 14:51:25,1257400.0
3062,2025-10-07 14:57:26,1257400.0
3063,2025-10-07 15:01:56,1257400.0
3064,2025-10-07 15:07:26,1257400.0
3065,2025-10-07 15:13:26,1257400.0
3066,2025-10-07 15:19:26,1257400.0
3067,2025-10-07 15:26:27,1257400.0
3068,2025-10-07 15:30:00,1257400.0
3069,2025-10-08 09:15:15,1257400.0
3070,2025-10-08 09:20:15,1257400.0
3071,2025-10-08 09:25:15,1257400.0
3072,2025-10-08 09:32:45,1273150.0
3073,2025-10-08 09:38:45,1282300.0
3074,2025-10-08 09:44:46,1282300.0
3075,2025-10-08 09:50:16,1211500.0
3076,2025-10-08 09:55:16,1211500.0
3077,2025-10-08 10:02:16,1211500.0
3078,2025-10-08 10:06:46,1211500.0
3079,2025-10-08 10:14:47,1211500.0
3080,2025-10-08 10:19:47,1211500.0
3081,2025-10-08 10:25:47,1211500.0
3082,2025-10-08 10:32:17,1211500.0
3083,2025-10-08 10:38:17,1211500.0
3084,2025-10-08 10:44:18,1211500.0
3085,2025-10-08 10:49:48,1211500.0
3086,2025-10-08 10:57:18,1211500.0
3087,2025-10-08 11:03:18,1211500.0
3088,2025-10-08 11:08:18,1211500.0
3089,2025-10-08 11:15:19,1215400.0
3090,2025-10-08 11:21:19,1252150.0
3091,2025-10-08 11:27:19,1210150.0
3092,2025-10-08 11:33:19,1230550.0
3093,2025-10-08 11:40:20,1216000.0
3094,2025-10-08 11:46:20,1218550.0
3095,2025-10-08 11:51:20,1204000.0
3096,2025-10-08 11:57:20,1204000.0
3097,2025-10-08 12:02:50,1204000.0
3098,2025-10-08 12:09:20,1204000.0
3099,2025-10-08 12:14:21,1204000.0
3100,2025-10-08 12:20:21,1189450.0
3101,2025-10-08 12:26:51,1158250.0
3102,2025-10-08 12:32:21,1149100.0
3103,2025-10-08 12:38:21,1172500.0
3104,2025-10-08 12:44:22,1191700.0
3105,2025-10-08 12:50:52,1245250.0
3106,2025-10-08 12:55:52,1251250.0
3107,2025-10-08 13:01:22,1269700.0
3108,2025-10-08 13:07:52,1267900.0
3109,2025-10-08 13:14:53,1267900.0
3110,2025-10-08 13:19:23,1267900.0
3111,2025-10-08 13:25:23,1267900.0
3112,2025-10-08 13:32:23,1267900.0
3113,2025-10-08 13:37:23,1267900.0
3114,2025-10-08 13:43:54,1267900.0
3115,2025-10-08 13:49:24,1267900.0
3116,2025-10-08 13:56:24,1267900.0
3117,2025-10-08 14:01:24,1267900.0
3118,2025-10-08 14:07:54,1267900.0
3119,2025-10-08 14:13:55,1267900.0
3120,2025-10-08 14:19:55,1267900.0
3121,2025-10-08 14:26:55,1267900.0
3122,2025-10-08 14:33:25,1267900.0
3123,2025-10-08 14:38:55,1267900.0
3124,2025-10-08 14:44:56,1267900.0
3125,2025-10-08 14:51:26,1267900.0
3126,2025-10-08 14:57:26,1267900.0
3127,2025-10-08 15:02:26,1267900.0
3128,2025-10-08 15:09:26,1267900.0
3129,2025-10-08 15:15:27,1267900.0
3130,2025-10-08 15:22:27,1267900.0
3131,2025-10-08 15:27:27,1267900.0
3132,2025-10-08 15:30:00,1267900.0
3133,2025-10-09 09:15:44,1267900.0
3134,2025-10-09 09:19:59,1267900.0
3135,2025-10-09 09:26:14,1267900.0
3136,2025-10-09 09:32:14,1267900.0
3137,2025-10-09 09:38:15,1267900.0
3138,2025-10-09 09:44:15,1295050.0
3139,2025-10-09 09:50:15,1306600.0
3140,2025-10-09 09:56:15,1298500.0
3141,2025-10-09 10:03:16,1298500.0
3142,2025-10-09 10:09:16,1298500.0
3143,2025-10-09 10:14:46,1298500.0
3144,2025-10-09 10:20:16,1298500.0
3145,2025-10-09 10:26:46,1298500.0
3146,2025-10-09 10:32:46,1298500.0
3147,2025-10-09 10:39:17,1298500.0
3148,2025-10-09 10:39:47,1298500.0
3149,2025-10-09 10:51:17,1298500.0
3150,2025-10-09 10:57:17,1298500.0
3151,2025-10-09 11:03:17,1298500.0
3152,2025-10-09 11:10:18,1298500.0
3153,2025-10-09 11:15:48,1298500.0
3154,2025-10-09 11:21:48,1298500.0
3155,2025-10-09 11:26:48,1298500.0
3156,2025-10-09 11:33:49,1298500.0
3157,2025-10-09 11:39:19,1298500.0
3158,2025-10-09 11:46:19,1298500.0
3159,2025-10-09 11:52:49,1298500.0
3160,2025-10-09 11:58:49,1298500.0
3161,2025-10-09 12:03:19,1298500.0
3162,2025-10-09 12:09:50,1298500.0
3163,2025-10-09 12:16:20,1298500.0
3164,2025-10-09 12:22:20,1298500.0
3165,2025-10-09 12:27:20,1298500.0
3166,2025-10-09 12:33:50,1298500.0
3167,2025-10-09 12:38:21,1298500.0
3168,2025-10-09 12:45:51,1298500.0
3169,2025-10-09 12:51:21,1298500.0
3170,2025-10-09 12:57:21,1298500.0
3171,2025-10-09 13:03:52,1298500.0
3172,2025-10-09 13:09:52,1298500.0
3173,2025-10-09 13:14:52,1298500.0
3174,2025-10-09 13:21:22,1298500.0
3175,2025-10-09 13:27:22,1298500.0
3176,2025-10-09 13:31:52,1298500.0
3177,2025-10-09 13:39:23,1298500.0
3178,2025-10-09 13:44:23,1298500.0
3179,2025-10-09 13:50:53,1298500.0
3180,2025-10-09 13:56:53,1298500.0
3181,2025-10-09 14:03:24,1298500.0
3182,2025-10-09 14:08:54,1298500.0
3183,2025-10-09 14:14:54,1298500.0
3184,2025-10-09 14:20:54,1298500.0
3185,2025-10-09 14:26:24,1298500.0
3186,2025-10-09 14:32:55,1298500.0
3187,2025-10-09 14:38:25,1298500.0
3188,2025-10-09 14:44:25,1298500.0
3189,2025-10-09 14:50:25,1298500.0
3190,2025-10-09 14:56:26,1298500.0
3191,2025-10-09 15:02:26,1298500.0
3192,2025-10-09 15:07:26,1298500.0
3193,2025-10-09 15:13:26,1298500.0
3194,2025-10-09 15:19:26,1298500.0
3195,2025-10-09 15:25:27,1298500.0
3196,2025-10-09 15:30:00,1298500.0
3197,2025-10-10 09:19:44,1298500.0
3198,2025-10-10 09:26:45,1344550.0
3199,2025-10-10 09:32:45,1383250.0
3200,2025-10-10 09:38:45,1384000.0
3201,2025-10-10 09:45:45,1449250.0
3202,2025-10-10 09:51:15,1460200.0
3203,2025-10-10 09:56:16,1431700.0
3204,2025-10-10 10:02:46,1431700.0
3205,2025-10-10 10:08:46,1431700.0
3206,2025-10-10 10:15:46,1431700.0
3207,2025-10-10 10:20:47,1431700.0
3208,2025-10-10 10:26:47,1431700.0
3209,2025-10-10 10:32:47,1431700.0
3210,2025-10-10 10:39:17,1431700.0
3211,2025-10-10 10:45:17,1431700.0
3212,2025-10-10 10:50:47,1431700.0
3213,2025-10-10 10:56:48,1431700.0
3214,2025-10-10 11:02:48,1431700.0
3215,2025-10-10 11:08:48,1431700.0
3216,2025-10-10 11:14:18,1431700.0
3217,2025-10-10 11:21:19,1431700.0
3218,2025-10-10 11:26:49,1431700.0
3219,2025-10-10 11:32:49,1431700.0
3220,2025-10-10 11:39:19,1431700.0
3221,2025-10-10 11:44:49,1431700.0
3222,2025-10-10 11:51:20,1431700.0
3223,2025-10-10 11:56:50,1431700.0
3224,2025-10-10 12:02:20,1431700.0
3225,2025-10-10 12:09:20,1431700.0
3226,2025-10-10 12:14:20,1431700.0
3227,2025-10-10 12:20:50,1431700.0
3228,2025-10-10 12:27:21,1431700.0
3229,2025-10-10 12:33:21,1431700.0
3230,2025-10-10 12:39:21,1431700.0
3231,2025-10-10 12:46:21,1431700.0
3232,2025-10-10 12:52:22,1431700.0
3233,2025-10-10 12:58:52,1431700.0
3234,2025-10-10 13:04:52,1431700.0
3235,2025-10-10 13:10:22,1431700.0
3236,2025-10-10 13:16:22,1431700.0
3237,2025-10-10 13:22:53,1431700.0
3238,2025-10-10 13:28:23,1431700.0
3239,2025-10-10 13:35:23,1431700.0
3240,2025-10-10 13:42:23,1431700.0
3241,2025-10-10 13:49:23,1431700.0
3242,2025-10-10 13:55:24,1431700.0
3243,2025-10-10 14:01:24,1431700.0
3244,2025-10-10 14:08:24,1431700.0
3245,2025-10-10 14:14:54,1431700.0
3246,2025-10-10 14:20:24,1431700.0
3247,2025-10-10 14:26:55,1431700.0
3248,2025-10-10 14:33:25,1431700.0
3249,2025-10-10 14:39:25,1431700.0
3250,2025-10-10 14:46:25,1431700.0
3251,2025-10-10 14:51:26,1431700.0
3252,2025-10-10 14:58:26,1431700.0
3253,2025-10-10 15:03:56,1431700.0
3254,2025-10-10 15:10:26,1431700.0
3255,2025-10-10 15:16:56,1431700.0
3256,2025-10-10 15:22:57,1431700.0
3257,2025-10-10 15:28:27,1431700.0
3258,2025-10-10 15:30:00,1431700.0
3259,2025-10-13 09:15:14,1431700.0
3260,2025-10-13 09:19:44,1431700.0
3261,2025-10-13 09:27:14,1431700.0
3262,2025-10-13 09:32:14,1515400.0
3263,2025-10-13 09:38:45,1485250.0
3264,2025-10-13 09:46:15,1423300.0
3265,2025-10-13 09:52:15,1418650.0
3266,2025-10-13 09:58:15,1447600.0
3267,2025-10-13 10:04:15,1456750.0
3268,2025-10-13 10:10:16,1433950.0
3269,2025-10-13 10:16:16,1433950.0
3270,2025-10-13 10:23:16,1433950.0
3271,2025-10-13 10:29:16,1433950.0
3272,2025-10-13 10:36:16,1433950.0
3273,2025-10-13 10:42:47,1424800.0
3274,2025-10-13 10:48:17,1427050.0
3275,2025-10-13 10:54:17,1412800.0
3276,2025-10-13 11:01:17,1394350.0
3277,2025-10-13 11:08:17,1394350.0
3278,2025-10-13 11:13:48,1394350.0
3279,2025-10-13 11:19:48,1394350.0
3280,2025-10-13 11:26:48,1394350.0
3281,2025-10-13 11:32:48,1394350.0
3282,2025-10-13 11:38:48,1394350.0
3283,2025-10-13 11:44:49,1394350.0
3284,2025-10-13 11:51:49,1394350.0
3285,2025-10-13 11:57:19,1394350.0
3286,2025-10-13 12:03:49,1394350.0
3287,2025-10-13 12:10:19,1394350.0
3288,2025-10-13 12:16:20,1394350.0
3289,2025-10-13 12:23:20,1394350.0
3290,2025-10-13 12:30:20,1394350.0
3291,2025-10-13 12:35:50,1394350.0
3292,2025-10-13 12:42:50,1394350.0
3293,2025-10-13 12:48:51,1394350.0
3294,2025-10-13 12:54:51,1394350.0
3295,2025-10-13 13:00:51,1394350.0
3296,2025-10-13 13:06:21,1394350.0
3297,2025-10-13 13:13:21,1394350.0
3298,2025-10-13 13:19:22,1394350.0
3299,2025-10-13 13:25:22,1394350.0
3300,2025-10-13 13:31:22,1394350.0
3301,2025-10-13 13:37:22,1394350.0
3302,2025-10-13 13:41:52,1394350.0
3303,2025-10-13 13:48:22,1394350.0
3304,2025-10-13 13:53:53,1394350.0
3305,2025-10-13 14:00:53,1394350.0
3306,2025-10-13 14:05:53,1394350.0
3307,2025-10-13 14:11:23,1394350.0
3308,2025-10-13 14:17:53,1394350.0
3309,2025-10-13 14:23:24,1394350.0
3310,2025-10-13 14:28:54,1394350.0
3311,2025-10-13 14:34:24,1394350.0
3312,2025-10-13 14:39:54,1394350.0
3313,2025-10-13 14:45:54,1394350.0
3314,2025-10-13 14:51:54,1394350.0
3315,2025-10-13 14:57:55,1394350.0
3316,2025-10-13 15:03:55,1394350.0
3317,2025-10-13 15:09:55,1394350.0
3318,2025-10-13 15:14:55,1394350.0
3319,2025-10-13 15:20:25,1394350.0
3320,2025-10-13 15:26:56,1394350.0
3321,2025-10-13 15:30:00,1394350.0
3322,2025-10-14 09:17:45,1394350.0
3323,2025-10-14 09:23:45,1394350.0
3324,2025-10-14 09:29:15,1394350.0
3325,2025-10-14 09:35:45,1394350.0
3326,2025-10-14 09:40:46,1394350.0
3327,2025-10-14 09:45:46,1394350.0
3328,2025-10-14 09:52:16,1394350.0
3329,2025-10-14 09:57:16,1394350.0
3330,2025-10-14 10:01:46,1394350.0
3331,2025-10-14 10:08:46,1394350.0
3332,2025-10-14 10:13:17,1394350.0
3333,2025-10-14 10:19:17,1394350.0
3334,2025-10-14 10:24:47,1394350.0
3335,2025-10-14 10:30:47,1394350.0
3336,2025-10-14 10:36:17,1394350.0
3337,2025-10-14 10:41:47,1394350.0
3338,2025-10-14 10:46:48,1394350.0
3339,2025-10-14 10:53:18,1394350.0
3340,2025-10-14 10:58:18,1394350.0
3341,2025-10-14 11:05:18,1394350.0
3342,2025-10-14 11:09:48,1394350.0
3343,2025-10-14 11:15:49,1394350.0
3344,2025-10-14 11:21:49,1394350.0
3345,2025-10-14 11:27:19,1394350.0
3346,2025-10-14 11:33:49,1394350.0
3347,2025-10-14 11:37:49,1394350.0
3348,2025-10-14 11:44:19,1394350.0
3349,2025-10-14 11:49:50,1394350.0
3350,2025-10-14 11:55:50,1394350.0
3351,2025-10-14 12:02:20,1394350.0
3352,2025-10-14 12:07:20,1394350.0
3353,2025-10-14 12:12:50,1394350.0
3354,2025-10-14 12:18:51,1394350.0
3355,2025-10-14 12:24:51,1394350.0
3356,2025-10-14 12:30:51,1394350.0
3357,2025-10-14 12:34:51,1394350.0
3358,2025-10-14 12:41:51,1394350.0
3359,2025-10-14 12:46:51,1394350.0
3360,2025-10-14 12:52:22,1394350.0
3361,2025-10-14 12:59:22,1394350.0
3362,2025-10-14 13:05:22,1394350.0
3363,2025-10-14 13:09:52,1394350.0
3364,2025-10-14 13:15:52,1394350.0
3365,2025-10-14 13:21:53,1394350.0
3366,2025-10-14 13:27:53,1394350.0
3367,2025-10-14 13:33:53,1394350.0
3368,2025-10-14 13:39:23,1394350.0
3369,2025-10-14 13:46:23,1394350.0
3370,2025-10-14 13:52:23,1394350.0
3371,2025-10-14 13:58:24,1394350.0
3372,2025-10-14 14:04:24,1394350.0
3373,2025-10-14 14:11:54,1394350.0
3374,2025-10-14 14:17:24,1394350.0
3375,2025-10-14 14:22:24,1394350.0
3376,2025-10-14 14:29:25,1394350.0
3377,2025-10-14 14:34:25,1394350.0
3378,2025-10-14 14:41:25,1394350.0
3379,2025-10-14 14:46:55,1394350.0
3380,2025-10-14 14:51:25,1394350.0
3381,2025-10-14 14:58:26,1394350.0
3382,2025-10-14 15:04:26,1394350.0
3383,2025-10-14 15:08:56,1394350.0
3384,2025-10-14 15:14:56,1394350.0
3385,2025-10-14 15:20:56,1394350.0
3386,2025-10-14 15:25:56,1394350.0
3387,2025-10-14 15:30:00,1394350.0
3388,2025-10-15 09:18:14,1394350.0
3389,2025-10-15 09:24:14,1394350.0
3390,2025-10-15 09:30:14,1394350.0
3391,2025-10-15 09:35:44,1394350.0
3392,2025-10-15 09:41:45,1394350.0
3393,2025-10-15 09:47:15,1391800.0
3394,2025-10-15 09:52:45,1407700.0
3395,2025-10-15 09:59:45,1399900.0
3396,2025-10-15 10:04:45,1399900.0
3397,2025-10-15 10:10:46,1399900.0
3398,2025-10-15 10:15:46,1399900.0
3399,2025-10-15 10:22:16,1399900.0
3400,2025-10-15 10:28:46,1399900.0
3401,2025-10-15 10:33:46,1399900.0
3402,2025-10-15 10:39:46,1399900.0
3403,2025-10-15 10:44:47,1399900.0
3404,2025-10-15 10:50:47,1399900.0
3405,2025-10-15 10:57:47,1399900.0
3406,2025-10-15 11:02:47,1399900.0
3407,2025-10-15 11:09:17,1399900.0
3408,2025-10-15 11:15:18,1399900.0
3409,2025-10-15 11:20:48,1399900.0
3410,2025-10-15 11:26:18,1399900.0
3411,2025-10-15 11:32:48,1399900.0
3412,2025-10-15 11:37:48,1399900.0
3413,2025-10-15 11:43:48,1399900.0
3414,2025-10-15 11:50:19,1399900.0
3415,2025-10-15 11:55:49,1399900.0
3416,2025-10-15 12:01:49,1399900.0
3417,2025-10-15 12:07:19,1399900.0
3418,2025-10-15 12:13:19,1399900.0
3419,2025-10-15 12:20:20,1399900.0
3420,2025-10-15 12:25:20,1399900.0
3421,2025-10-15 12:31:20,1399900.0
3422,2025-10-15 12:37:20,1399900.0
3423,2025-10-15 12:42:50,1399900.0
3424,2025-10-15 12:48:50,1399900.0
3425,2025-10-15 12:54:21,1399900.0
3426,2025-10-15 13:00:51,1399900.0
3427,2025-10-15 13:06:51,1399900.0
3428,2025-10-15 13:11:51,1399900.0
3429,2025-10-15 13:17:51,1399900.0
3430,2025-10-15 13:23:52,1399900.0
3431,2025-10-15 13:29:22,1399900.0
3432,2025-10-15 13:35:22,1399900.0
3433,2025-10-15 13:41:22,1399900.0
3434,2025-10-15 13:47:22,1399900.0
3435,2025-10-15 13:52:23,1399900.0
3436,2025-10-15 13:59:23,1399900.0
3437,2025-10-15 14:05:23,1399900.0
3438,2025-10-15 14:11:53,1399900.0
3439,2025-10-15 14:16:23,1399900.0
3440,2025-10-15 14:22:23,1399900.0
3441,2025-10-15 14:28:24,1399900.0
3442,2025-10-15 14:35:24,1399900.0
3443,2025-10-15 14:40:24,1399900.0
3444,2025-10-15 14:45:54,1399900.0
3445,2025-10-15 14:52:54,1399900.0
3446,2025-10-15 14:57:25,1399900.0
3447,2025-10-15 15:04:55,1399900.0
3448,2025-10-15 15:09:55,1399900.0
3449,2025-10-15 15:15:55,1399900.0
3450,2025-10-15 15:21:25,1399900.0
3451,2025-10-15 15:26:55,1399900.0
3452,2025-10-15 15:30:00,1399900.0
3453,2025-10-16 09:18:45,1399900.0
3454,2025-10-16 09:23:59,1435750.0
3455,2025-10-16 09:30:45,1429150.0
3456,2025-10-16 09:35:45,1442200.0
3457,2025-10-16 09:41:45,1396150.0
3458,2025-10-16 09:48:46,1435450.0
3459,2025-10-16 09:54:16,1452100.0
3460,2025-10-16 10:01:16,1427500.0
3461,2025-10-16 10:06:16,1427500.0
3462,2025-10-16 10:12:46,1427500.0
3463,2025-10-16 10:17:16,1427500.0
3464,2025-10-16 10:23:17,1427500.0
3465,2025-10-16 10:29:17,1427500.0
3466,2025-10-16 10:35:17,1427500.0
3467,2025-10-16 10:40:47,1427500.0
3468,2025-10-16 10:46:47,1427500.0
3469,2025-10-16 10:53:18,1427500.0
3470,2025-10-16 10:58:29,1427500.0
3471,2025-10-16 11:04:48,1427500.0
3472,2025-10-16 11:09:48,1427500.0
3473,2025-10-16 11:17:19,1427500.0
3474,2025-10-16 11:23:19,1427500.0
3475,2025-10-16 11:28:49,1427500.0
3476,2025-10-16 11:34:19,1427500.0
3477,2025-10-16 11:40:19,1427500.0
3478,2025-10-16 11:46:20,1427500.0
3479,2025-10-16 11:52:50,1427500.0
3480,2025-10-16 11:58:27,1427500.0
3481,2025-10-16 12:03:20,1427500.0
3482,2025-10-16 12:11:20,1427500.0
3483,2025-10-16 12:16:51,1427500.0
3484,2025-10-16 12:22:21,1427500.0
3485,2025-10-16 12:29:21,1427500.0
3486,2025-10-16 12:34:21,1427500.0
3487,2025-10-16 12:41:21,1427500.0
3488,2025-10-16 12:47:22,1427500.0
3489,2025-10-16 12:52:22,1427500.0
3490,2025-10-16 12:59:22,1427500.0
3491,2025-10-16 13:04:22,1427500.0
3492,2025-10-16 13:11:52,1435000.0
3493,2025-10-16 13:16:53,1433650.0
3494,2025-10-16 13:23:53,1426600.0
3495,2025-10-16 13:29:53,1441600.0
3496,2025-10-16 13:35:23,1446100.0
3497,2025-10-16 13:41:53,1450000.0
3498,2025-10-16 13:47:54,1480750.0
3499,2025-10-16 13:53:54,1465450.0
3500,2025-10-16 13:59:54,1463800.0
3501,2025-10-16 14:05:54,1480150.0
3502,2025-10-16 14:10:54,1535800.0
3503,2025-10-16 14:17:55,1499500.0
3504,2025-10-16 14:23:25,1499500.0
3505,2025-10-16 14:30:25,1499500.0
3506,2025-10-16 14:36:25,1499500.0
3507,2025-10-16 14:43:25,1499500.0
3508,2025-10-16 14:48:56,1499500.0
3509,2025-10-16 14:54:56,1499500.0
3510,2025-10-16 15:00:56,1499500.0
3511,2025-10-16 15:13:56,1499500.0
3512,2025-10-16 15:18:27,1499500.0
3513,2025-10-16 15:25:57,1499500.0
3514,2025-10-16 15:30:00,1499500.0
3515,2025-10-17 09:20:44,1499500.0
3516,2025-10-17 09:26:14,1469050.0
3517,2025-10-17 09:32:14,1437550.0
3518,2025-10-17 09:37:44,1458250.0
3519,2025-10-17 09:43:45,1452700.0
3520,2025-10-17 09:49:45,1423000.0
3521,2025-10-17 09:55:45,1448950.0
3522,2025-10-17 10:02:15,1460950.0
3523,2025-10-17 10:06:45,1493500.0
3524,2025-10-17 10:13:46,1587100.0
3525,2025-10-17 10:19:16,1596250.0
3526,2025-10-17 10:24:16,1574050.0
3527,2025-10-17 10:30:16,1574050.0
3528,2025-10-17 10:34:46,1574050.0
3529,2025-10-17 10:41:46,1574050.0
3530,2025-10-17 10:47:47,1574050.0
3531,2025-10-17 10:52:17,1574050.0
3532,2025-10-17 11:00:17,1574050.0
3533,2025-10-17 11:05:47,1574050.0
3534,2025-10-17 11:11:47,1574050.0
3535,2025-10-17 11:18:18,1574050.0
3536,2025-10-17 11:23:48,1574050.0
3537,2025-10-17 11:29:18,1574050.0
3538,2025-10-17 11:35:48,1574050.0
3539,2025-10-17 11:42:48,1574050.0
3540,2025-10-17 11:48:19,1574050.0
3541,2025-10-17 11:54:49,1574050.0
3542,2025-10-17 11:59:19,1574050.0
3543,2025-10-17 12:05:49,1572400.0
3544,2025-10-17 12:11:49,1580650.0
3545,2025-10-17 12:17:49,1576150.0
3546,2025-10-17 12:23:20,1576150.0
3547,2025-10-17 12:28:20,1576150.0
3548,2025-10-17 12:34:50,1576150.0
3549,2025-10-17 12:41:20,1576150.0
3550,2025-10-17 12:46:50,1599100.0
3551,2025-10-17 12:52:51,1712800.0
3552,2025-10-17 12:58:21,1722700.0
3553,2025-10-17 13:03:51,1704550.0
3554,2025-10-17 13:09:51,1704550.0
3555,2025-10-17 13:16:21,1704550.0
3556,2025-10-17 13:21:21,1704550.0
3557,2025-10-17 13:27:22,1704550.0
3558,2025-10-17 13:34:22,1704550.0
3559,2025-10-17 13:39:52,1704550.0
3560,2025-10-17 13:45:52,1704550.0
3561,2025-10-17 13:51:52,1704550.0
3562,2025-10-17 13:58:23,1704550.0
3563,2025-10-17 14:04:23,1704550.0
3564,2025-10-17 14:10:23,1733650.0
3565,2025-10-17 14:16:23,1730650.0
3566,2025-10-17 14:21:14,1756300.0
3567,2025-10-17 14:28:54,1752250.0
3568,2025-10-17 14:33:24,1752250.0
3569,2025-10-17 14:39:54,1752250.0
3570,2025-10-17 14:43:54,1752250.0
3571,2025-10-17 14:51:24,1752250.0
3572,2025-10-17 14:57:25,1752250.0
3573,2025-10-17 15:03:25,1752250.0
3574,2025-10-17 15:09:25,1752250.0
3575,2025-10-17 15:16:25,1752250.0
3576,2025-10-17 15:20:55,1752250.0
3577,2025-10-17 15:27:55,1752250.0
3578,2025-10-17 15:30:00,1752250.0
3579,2025-10-20 09:18:44,1752250.0
3580,2025-10-20 09:24:14,1752250.0
3581,2025-10-20 09:30:14,1752250.0
3582,2025-10-20 09:35:14,1752250.0
3583,2025-10-20 09:40:10,1752250.0
3584,2025-10-20 09:46:15,1752250.0
3585,2025-10-20 09:51:45,1752250.0
3586,2025-10-20 09:58:15,1752250.0
3587,2025-10-20 10:04:15,1752250.0
3588,2025-10-20 10:08:45,1752250.0
3589,2025-10-20 10:14:46,1752250.0
3590,2025-10-20 10:20:46,1752250.0
3591,2025-10-20 10:26:16,1752250.0
3592,2025-10-20 10:30:46,1752250.0
3593,2025-10-20 10:36:46,1752250.0
3594,2025-10-20 10:43:16,1752250.0
3595,2025-10-20 10:48:17,1752250.0
3596,2025-10-20 10:55:17,1752250.0
3597,2025-10-20 11:00:17,1752250.0
3598,2025-10-20 11:04:47,1752250.0
3599,2025-10-20 11:10:47,1752250.0
3600,2025-10-20 11:16:18,1752250.0
3601,2025-10-20 11:21:18,1752250.0
3602,2025-10-20 11:27:18,1752250.0
3603,2025-10-20 11:33:18,1752250.0
3604,2025-10-20 11:39:18,1752250.0
3605,2025-10-20 11:44:18,1752250.0
3606,2025-10-20 11:50:19,1752250.0
3607,2025-10-20 11:55:49,1752250.0
3608,2025-10-20 12:00:49,1752250.0
3609,2025-10-20 12:07:19,1752250.0
3610,2025-10-20 12:14:19,1752250.0
3611,2025-10-20 12:19:20,1752250.0
3612,2025-10-20 12:25:20,1752250.0
3613,2025-10-20 12:31:20,1752250.0
3614,2025-10-20 12:37:20,1752250.0
3615,2025-10-20 12:42:50,1752250.0
3616,2025-10-20 12:48:50,1752250.0
3617,2025-10-20 12:55:21,1752250.0
3618,2025-10-20 13:00:21,1752250.0
3619,2025-10-20 13:06:21,1752250.0
3620,2025-10-20 13:12:21,1752250.0
3621,2025-10-20 13:17:51,1752250.0
3622,2025-10-20 13:24:22,1752250.0
3623,2025-10-20 13:30:22,1752250.0
3624,2025-10-20 13:36:52,1752250.0
3625,2025-10-20 13:41:52,1752250.0
3626,2025-10-20 13:48:52,1752250.0
3627,2025-10-20 13:53:22,1752250.0
3628,2025-10-20 13:59:23,1752250.0
3629,2025-10-20 14:05:23,1752250.0
3630,2025-10-20 14:11:53,1752250.0
3631,2025-10-20 14:16:53,1752250.0
3632,2025-10-20 14:22:53,1752250.0
3633,2025-10-20 14:27:54,1752250.0
3634,2025-10-20 14:33:24,1752250.0
3635,2025-10-20 14:38:54,1752250.0
3636,2025-10-20 14:44:24,1752250.0
3637,2025-10-20 14:49:24,1752250.0
3638,2025-10-20 14:56:24,1752250.0
3639,2025-10-20 15:02:25,1752250.0
3640,2025-10-20 15:07:55,1752250.0
3641,2025-10-20 15:12:25,1752250.0
3642,2025-10-20 15:18:25,1752250.0
3643,2025-10-20 15:24:55,1752250.0
3644,2025-10-20 15:28:56,1752250.0
3645,2025-10-20 15:30:00,1752250.0
3646,2025-10-21 13:46:44,1752250.0
3647,2025-10-21 13:52:44,1752250.0
3648,2025-10-21 13:59:14,1752250.0
3649,2025-10-21 14:04:44,1752250.0
3650,2025-10-21 14:10:14,1752250.0
3651,2025-10-21 14:16:15,1752250.0
3652,2025-10-21 14:22:15,1752250.0
3653,2025-10-21 14:29:15,1752250.0
3654,2025-10-21 14:35:15,1752250.0
3655,2025-10-21 14:39:45,1752250.0
3656,2025-10-21 14:45:15,1752250.0
3657,2025-10-23 09:19:15,1752250.0
3658,2025-10-23 09:25:15,1752250.0
3659,2025-10-23 09:30:45,1752250.0
3660,2025-10-23 09:36:45,1752250.0
3661,2025-10-23 09:42:46,1752250.0
3662,2025-10-23 09:48:46,1752250.0
3663,2025-10-23 09:53:46,1752250.0
3664,2025-10-23 10:01:16,1752250.0
3665,2025-10-23 10:05:46,1752250.0
3666,2025-10-23 10:11:47,1770850.0
3667,2025-10-23 10:17:47,1778350.0
3668,2025-10-23 10:23:17,1772050.0
3669,2025-10-23 10:29:47,1772050.0
3670,2025-10-23 10:34:47,1772050.0
3671,2025-10-23 10:40:47,1772050.0
3672,2025-10-23 10:45:18,1772050.0
3673,2025-10-23 10:51:18,1772050.0
3674,2025-10-23 10:58:18,1772050.0
3675,2025-10-23 11:02:48,1772050.0
3676,2025-10-23 11:08:18,1772050.0
3677,2025-10-23 11:15:49,1772050.0
3678,2025-10-23 11:21:49,1772050.0
3679,2025-10-23 11:26:19,1772050.0
3680,2025-10-23 11:31:49,1772050.0
3681,2025-10-23 11:38:19,1772050.0
3682,2025-10-23 11:43:49,1772050.0
3683,2025-10-23 11:49:50,1772050.0
3684,2025-10-23 11:55:50,1772050.0
3685,2025-10-23 12:01:50,1772050.0
3686,2025-10-23 12:07:20,1772050.0
3687,2025-10-23 12:13:20,1772050.0
3688,2025-10-23 12:18:21,1772050.0
3689,2025-10-23 12:23:51,1772050.0
3690,2025-10-23 12:29:51,1772050.0
3691,2025-10-23 12:35:51,1772050.0
3692,2025-10-23 12:40:21,1772050.0
3693,2025-10-23 12:46:21,1772050.0
3694,2025-10-23 12:52:22,1772050.0
3695,2025-10-23 12:57:22,1772050.0
3696,2025-10-23 13:03:52,1772050.0
3697,2025-10-23 13:09:52,1772050.0
3698,2025-10-23 13:15:52,1772050.0
3699,2025-10-23 13:20:53,1772050.0
3700,2025-10-23 13:28:53,1772050.0
3701,2025-10-23 13:33:53,1772050.0
3702,2025-10-23 13:40:23,1772050.0
3703,2025-10-23 13:46:53,1772050.0
3704,2025-10-23 13:52:24,1772050.0
3705,2025-10-23 13:58:24,1772050.0
3706,2025-10-23 14:03:24,1772050.0
3707,2025-10-23 14:10:24,1772050.0
3708,2025-10-23 14:16:24,1772050.0
3709,2025-10-23 14:21:54,1772050.0
3710,2025-10-23 14:28:55,1767250.0
3711,2025-10-23 14:33:55,1764550.0
3712,2025-10-23 14:39:55,1733500.0
3713,2025-10-23 14:45:55,1698550.0
3714,2025-10-23 14:51:55,1718500.0
3715,2025-10-23 14:57:56,1732900.0
3716,2025-10-23 15:03:56,1786450.0
3717,2025-10-23 15:09:56,1819000.0
3718,2025-10-23 15:15:26,1854850.0
3719,2025-10-23 15:21:56,1818850.0
3720,2025-10-23 15:28:27,1818850.0
3721,2025-10-23 15:30:00,1818850.0
3722,2025-10-24 09:15:15,1818850.0
3723,2025-10-24 09:19:15,1818850.0
3724,2025-10-24 09:22:45,1818850.0
3725,2025-10-24 09:26:45,1818850.0
3726,2025-10-24 09:31:15,1818850.0
3727,2025-10-24 09:35:45,1818850.0
3728,2025-10-24 09:42:16,1818850.0
3729,2025-10-24 09:48:16,1818850.0
3730,2025-10-24 09:53:46,1818850.0
3731,2025-10-24 09:59:46,1818850.0
3732,2025-10-24 10:04:46,1818850.0
3733,2025-10-24 10:11:46,1818850.0
3734,2025-10-24 10:16:17,1818850.0
3735,2025-10-24 10:22:17,1818850.0
3736,2025-10-24 10:28:17,1818850.0
3737,2025-10-24 10:34:17,1818850.0
3738,2025-10-24 10:40:17,1818850.0
3739,2025-10-24 10:46:18,1818550.0
3740,2025-10-24 10:52:18,1807900.0
3741,2025-10-24 10:56:48,1824250.0
3742,2025-10-24 11:01:48,1806550.0
3743,2025-10-24 11:07:48,1806550.0
3744,2025-10-24 11:13:48,1806550.0
3745,2025-10-24 11:19:49,1806550.0
3746,2025-10-24 11:25:19,1806550.0
3747,2025-10-24 11:32:19,1806550.0
3748,2025-10-24 11:37:19,1806550.0
3749,2025-10-24 11:43:19,1806550.0
3750,2025-10-24 11:49:50,1806550.0
3751,2025-10-24 11:54:20,1806550.0
3752,2025-10-24 12:00:20,1806550.0
3753,2025-10-24 12:06:20,1806550.0
3754,2025-10-24 12:12:20,1806550.0
3755,2025-10-24 12:17:20,1806550.0
3756,2025-10-24 12:22:21,1806550.0
3757,2025-10-24 12:27:51,1806550.0
3758,2025-10-24 12:33:21,1806550.0
3759,2025-10-24 12:38:51,1806550.0
3760,2025-10-24 12:44:21,1806550.0
3761,2025-10-24 12:50:21,1806550.0
3762,2025-10-24 12:55:22,1827250.0
3763,2025-10-24 13:01:22,1842400.0
3764,2025-10-24 13:07:22,1848700.0
3765,2025-10-24 13:12:22,1841500.0
3766,2025-10-24 13:17:52,1841500.0
3767,2025-10-24 13:23:53,1841500.0
3768,2025-10-24 13:28:53,1841500.0
3769,2025-10-24 13:34:53,1841500.0
3770,2025-10-24 13:40:53,1841500.0
3771,2025-10-24 13:46:53,1841500.0
3772,2025-10-24 13:52:53,1841500.0
3773,2025-10-24 13:59:24,1841500.0
3774,2025-10-24 14:03:24,1841500.0
3775,2025-10-24 14:09:24,1841500.0
3776,2025-10-24 14:15:54,1841500.0
3777,2025-10-24 14:21:54,1841500.0
3778,2025-10-24 14:27:25,1841500.0
3779,2025-10-24 14:33:25,1841500.0
3780,2025-10-24 14:38:25,1841500.0
3781,2025-10-24 14:45:25,1855450.0
3782,2025-10-24 14:49:55,1864450.0
3783,2025-10-24 14:56:25,1848400.0
3784,2025-10-24 15:01:56,1850200.0
3785,2025-10-24 15:07:56,1806700.0
3786,2025-10-24 15:14:56,1806700.0
3787,2025-10-24 15:19:56,1806700.0
3788,2025-10-24 15:25:56,1806700.0
3789,2025-10-24 15:30:00,1806700.0
3790,2025-10-27 09:16:45,1806700.0
3791,2025-10-27 09:24:45,1806700.0
3792,2025-10-27 09:35:15,1858000.0
3793,2025-10-27 09:44:16,1988950.0
3794,2025-10-27 09:53:16,1960600.0
3795,2025-10-27 10:02:16,1960600.0
3796,2025-10-27 10:12:16,1960600.0
3797,2025-10-27 10:21:17,1960600.0
3798,2025-10-27 10:30:17,1960600.0
3799,2025-10-27 10:39:17,1960600.0
3800,2025-10-27 10:46:18,1960600.0
3801,2025-10-27 10:55:48,1960600.0
3802,2025-10-27 11:04:48,1960600.0
3803,2025-10-27 11:17:19,1960600.0
3804,2025-10-27 11:24:19,1960600.0
3805,2025-10-27 11:35:49,1960600.0
3806,2025-10-27 11:41:49,1960600.0
3807,2025-10-27 11:44:49,1960600.0
3808,2025-10-27 12:00:20,1960600.0
3809,2025-10-27 12:07:50,1960600.0
3810,2025-10-27 12:16:50,1960600.0
3811,2025-10-27 12:24:51,1960600.0
3812,2025-10-27 12:32:51,1960600.0
3813,2025-10-27 12:42:21,1960600.0
3814,2025-10-27 12:51:21,1960600.0
3815,2025-10-27 12:59:52,1960600.0
3816,2025-10-27 13:10:52,1960600.0
3817,2025-10-27 13:16:22,1960600.0
3818,2025-10-27 13:24:53,1960600.0
3819,2025-10-27 13:33:53,1960600.0
3820,2025-10-27 13:43:23,1960600.0
3821,2025-10-27 13:53:23,1960600.0
3822,2025-10-27 14:04:24,1960600.0
3823,2025-10-27 14:14:24,1960600.0
3824,2025-10-27 14:23:24,1960600.0
3825,2025-10-27 14:35:25,1960600.0
3826,2025-10-27 14:56:55,1960600.0
3827,2025-10-27 15:09:26,1960600.0
3828,2025-10-27 15:14:26,1960600.0
3829,2025-10-27 15:23:56,1960600.0
3830,2025-10-27 15:30:00,1960600.0
3831,2025-10-28 09:17:14,1960600.0
3832,2025-10-28 09:25:44,1960600.0
3833,2025-10-28 09:35:15,1960600.0
3834,2025-10-28 09:43:45,1960600.0
3835,2025-10-28 09:53:15,1960600.0
3836,2025-10-28 10:02:15,1960600.0
3837,2025-10-28 10:12:16,1960600.0
3838,2025-10-28 10:21:46,1960600.0
3839,2025-10-28 10:29:16,1960600.0
3840,2025-10-28 10:39:17,1960600.0
3841,2025-10-28 10:47:47,1960600.0
3842,2025-10-28 11:01:17,1960600.0
3843,2025-10-28 11:10:48,1960600.0
3844,2025-10-28 11:15:48,1960600.0
3845,2025-10-28 11:22:18,1960600.0
3846,2025-10-28 11:27:48,1960600.0
3847,2025-10-28 11:33:48,1960600.0
3848,2025-10-28 11:39:49,1960600.0
3849,2025-10-28 11:45:19,1960600.0
3850,2025-10-28 11:51:49,1960600.0
3851,2025-10-28 11:57:49,1960600.0
3852,2025-10-28 12:03:49,1960600.0
3853,2025-10-28 12:08:49,1960600.0
3854,2025-10-28 12:14:50,1960600.0
3855,2025-10-28 12:20:50,1960600.0
3856,2025-10-28 12:26:50,1960600.0
3857,2025-10-28 12:31:20,1960600.0
3858,2025-10-28 12:37:20,1960600.0
3859,2025-10-28 12:43:21,1960600.0
3860,2025-10-28 12:48:51,1960600.0
3861,2025-10-28 12:55:21,1960600.0
3862,2025-10-28 13:00:51,1960600.0
3863,2025-10-28 13:06:51,1960600.0
3864,2025-10-28 13:12:51,1960600.0
3865,2025-10-28 13:18:52,1960600.0
3866,2025-10-28 13:24:22,1960600.0
3867,2025-10-28 13:29:22,1960600.0
3868,2025-10-28 13:34:52,1960600.0
3869,2025-10-28 13:40:52,1960600.0
3870,2025-10-28 13:45:53,1960600.0
3871,2025-10-28 13:52:53,1960600.0
3872,2025-10-28 13:57:23,1960600.0
3873,2025-10-28 14:01:53,1960600.0
3874,2025-10-28 14:08:23,1960600.0
3875,2025-10-28 14:14:23,1960600.0
3876,2025-10-28 14:19:54,1960600.0
3877,2025-10-28 14:25:24,1960600.0
3878,2025-10-28 14:30:24,1960600.0
3879,2025-10-28 14:35:54,1960600.0
3880,2025-10-28 14:41:54,1960600.0
3881,2025-10-28 14:47:47,1960600.0
3882,2025-10-28 14:52:25,1960600.0
3883,2025-10-28 14:58:25,1960600.0
3884,2025-10-28 15:03:55,1960600.0
3885,2025-10-28 15:09:55,1960600.0
3886,2025-10-28 15:16:25,1960600.0
3887,2025-10-28 15:21:26,1960600.0
3888,2025-10-28 15:28:26,1960600.0
3889,2025-10-28 15:30:00,1960600.0
3890,2025-10-29 09:20:15,1960600.0
3891,2025-10-29 09:25:45,1960600.0
3892,2025-10-29 09:31:15,1960600.0
3893,2025-10-29 09:37:45,1867150.0
3894,2025-10-29 09:43:16,1849300.0
3895,2025-10-29 09:49:16,1849300.0
3896,2025-10-29 09:55:46,1854250.0
3897,2025-10-29 10:01:16,1856800.0
3898,2025-10-29 10:06:46,1847500.0
3899,2025-10-29 10:13:17,1827850.0
3900,2025-10-29 10:18:47,1838350.0
3901,2025-10-29 10:23:47,1817950.0
3902,2025-10-29 10:29:17,1790650.0
3903,2025-10-29 10:34:47,1790650.0
3904,2025-10-29 10:40:17,1790650.0
3905,2025-10-29 10:45:48,1790650.0
3906,2025-10-29 10:52:18,1790650.0
3907,2025-10-29 10:57:48,1790650.0
3908,2025-10-29 11:02:48,1790650.0
3909,2025-10-29 11:09:48,1790650.0
3910,2025-10-29 11:14:48,1790650.0
3911,2025-10-29 11:20:49,1790650.0
3912,2025-10-29 11:26:19,1790650.0
3913,2025-10-29 11:32:49,1790650.0
3914,2025-10-29 11:38:49,1790650.0
3915,2025-10-29 11:44:19,1790650.0
3916,2025-10-29 11:49:20,1790650.0
3917,2025-10-29 11:56:20,1790650.0
3918,2025-10-29 12:01:20,1790650.0
3919,2025-10-29 12:07:20,1790650.0
3920,2025-10-29 12:12:50,1790650.0
3921,2025-10-29 12:19:20,1790650.0
3922,2025-10-29 12:24:51,1790650.0
3923,2025-10-29 12:31:21,1790650.0
3924,2025-10-29 12:36:51,1790650.0
3925,2025-10-29 12:42:21,1790650.0
3926,2025-10-29 12:47:21,1790650.0
3927,2025-10-29 12:53:52,1790650.0
3928,2025-10-29 12:59:52,1790650.0
3929,2025-10-29 13:04:52,1790650.0
3930,2025-10-29 13:11:52,1790650.0
3931,2025-10-29 13:16:52,1790650.0
3932,2025-10-29 13:22:22,1790650.0
3933,2025-10-29 13:27:53,1790650.0
3934,2025-10-29 13:34:23,1790650.0
3935,2025-10-29 13:39:47,1790650.0
3936,2025-10-29 13:45:23,1790650.0
3937,2025-10-29 13:50:53,1790650.0
3938,2025-10-29 13:56:24,1790650.0
3939,2025-10-29 14:01:54,1790650.0
3940,2025-10-29 14:08:24,1790650.0
3941,2025-10-29 14:13:54,1790650.0
3942,2025-10-29 14:19:24,1790650.0
3943,2025-10-29 14:25:54,1790650.0
3944,2025-10-29 14:31:25,1790650.0
3945,2025-10-29 14:38:25,1790650.0
3946,2025-10-29 14:43:55,1790650.0
3947,2025-10-29 14:49:49,1790650.0
3948,2025-10-29 14:55:25,1790650.0
3949,2025-10-29 15:00:56,1790650.0
3950,2025-10-29 15:06:26,1790650.0
3951,2025-10-29 15:11:56,1790650.0
3952,2025-10-29 15:17:26,1790650.0
3953,2025-10-29 15:24:26,1790650.0
3954,2025-10-29 15:29:26,1790650.0
3955,2025-10-29 15:30:00,1790650.0
3956,2025-10-30 09:18:14,1790650.0
3957,2025-10-30 09:23:45,1790650.0
3958,2025-10-30 09:29:15,1790650.0
3959,2025-10-30 09:35:45,1790650.0
3960,2025-10-30 09:41:45,1790650.0
3961,2025-10-30 09:47:45,1790650.0
3962,2025-10-30 09:53:45,1790650.0
3963,2025-10-30 10:00:16,1790650.0
3964,2025-10-30 10:05:16,1790650.0
3965,2025-10-30 10:11:16,1790650.0
3966,2025-10-30 10:16:20,1790650.0
3967,2025-10-30 10:22:46,1790650.0
3968,2025-10-30 10:28:47,1790650.0
3969,2025-10-30 10:33:47,1790650.0
3970,2025-10-30 10:39:17,1790650.0
3971,2025-10-30 10:44:47,1790650.0
3972,2025-10-30 10:51:17,1790650.0
3973,2025-10-30 10:57:47,1790650.0
3974,2025-10-30 11:03:18,1790650.0
3975,2025-10-30 11:09:48,1790650.0
3976,2025-10-30 11:15:18,1790650.0
3977,2025-10-30 11:20:48,1790650.0
3978,2025-10-30 11:26:48,1790650.0
3979,2025-10-30 11:33:19,1790650.0
3980,2025-10-30 11:38:49,1790650.0
3981,2025-10-30 11:45:19,1790650.0
3982,2025-10-30 11:50:49,1790650.0
3983,2025-10-30 11:57:19,1790650.0
3984,2025-10-30 12:03:50,1790650.0
3985,2025-10-30 12:09:20,1790650.0
3986,2025-10-30 12:15:20,1790650.0
3987,2025-10-30 12:22:50,1790650.0
3988,2025-10-30 12:28:20,1790650.0
3989,2025-10-30 12:34:51,1790650.0
3990,2025-10-30 12:40:21,1790650.0
3991,2025-10-30 12:46:51,1790650.0
3992,2025-10-30 12:52:21,1790650.0
3993,2025-10-30 12:58:51,1790650.0
3994,2025-10-30 13:04:21,1790650.0
3995,2025-10-30 13:11:22,1790650.0
3996,2025-10-30 13:17:52,1790650.0
3997,2025-10-30 13:22:52,1790650.0
3998,2025-10-30 13:29:52,1790650.0
3999,2025-10-30 13:35:22,1790650.0
4000,2025-10-30 13:41:53,1790650.0
4001,2025-10-30 13:47:23,1790650.0
4002,2025-10-30 13:53:53,1790650.0
4003,2025-10-30 13:59:23,1790650.0
4004,2025-10-30 14:04:53,1790650.0
4005,2025-10-30 14:11:24,1790650.0
4006,2025-10-30 14:17:54,1790650.0
4007,2025-10-30 14:24:24,1790650.0
4008,2025-10-30 14:29:54,1790650.0
4009,2025-10-30 14:36:24,1790650.0
4010,2025-10-30 14:42:55,1790650.0
4011,2025-10-30 14:49:25,1790650.0
4012,2025-10-30 14:54:55,1790650.0
4013,2025-10-30 15:00:25,1790650.0
4014,2025-10-30 15:06:55,1790650.0
4015,2025-10-30 15:13:56,1790650.0
4016,2025-10-30 15:19:26,1790650.0
4017,2025-10-30 15:24:56,1790650.0
4018,2025-10-30 15:30:00,1790650.0
4019,2025-10-31 09:18:57,1790650.0
4020,2025-10-31 09:26:15,1790650.0
4021,2025-10-31 09:32:15,1790650.0
4022,2025-10-31 09:37:45,1790650.0
4023,2025-10-31 09:44:15,1790650.0
4024,2025-10-31 09:51:16,1790650.0
4025,2025-10-31 09:56:16,1790650.0
4026,2025-10-31 10:01:46,1790650.0
4027,2025-10-31 10:08:46,1790650.0
4028,2025-10-31 10:15:16,1790650.0
4029,2025-10-31 10:20:46,1790650.0
4030,2025-10-31 10:27:17,1790650.0
4031,2025-10-31 10:32:47,1790650.0
4032,2025-10-31 10:39:17,1790650.0
4033,2025-10-31 10:44:47,1790650.0
4034,2025-10-31 10:51:17,1790650.0
4035,2025-10-31 10:57:48,1790650.0
4036,2025-10-31 11:03:48,1790650.0
4037,2025-10-31 11:09:48,1790650.0
4038,2025-10-31 11:16:18,1790650.0
4039,2025-10-31 11:22:48,1790650.0
4040,2025-10-31 11:29:19,1790650.0
4041,2025-10-31 11:37:19,1790650.0
4042,2025-10-31 11:45:49,1790650.0
4043,2025-10-31 11:53:19,1804450.0
4044,2025-10-31 12:01:20,1813150.0
4045,2025-10-31 12:07:50,1806700.0
4046,2025-10-31 12:17:50,1806700.0
4047,2025-10-31 12:26:20,1806700.0
4048,2025-10-31 12:32:51,1806700.0
4049,2025-10-31 12:39:21,1806700.0
4050,2025-10-31 12:46:21,1806700.0
4051,2025-10-31 12:51:51,1806700.0
4052,2025-10-31 12:58:21,1806700.0
4053,2025-10-31 13:04:52,1806700.0
4054,2025-10-31 13:10:22,1806700.0
4055,2025-10-31 13:16:52,1806700.0
4056,2025-10-31 13:23:22,1806700.0
4057,2025-10-31 13:28:52,1806700.0
4058,2025-10-31 13:34:55,1806700.0
4059,2025-10-31 13:41:53,1806700.0
4060,2025-10-31 13:48:23,1806700.0
4061,2025-10-31 13:53:53,1806700.0
4062,2025-10-31 14:00:14,1806700.0
4063,2025-10-31 14:06:54,1806700.0
4064,2025-10-31 14:12:24,1806700.0
4065,2025-10-31 14:18:54,1806700.0
4066,2025-10-31 14:25:24,1806700.0
4067,2025-10-31 14:30:54,1806700.0
4068,2025-10-31 14:37:24,1806700.0
4069,2025-10-31 14:42:55,1806700.0
4070,2025-10-31 14:49:25,1806700.0
4071,2025-10-31 14:55:55,1806700.0
4072,2025-10-31 15:01:25,1806700.0
4073,2025-10-31 15:08:25,1806700.0
4074,2025-10-31 15:14:56,1806700.0
4075,2025-10-31 15:20:26,1806700.0
4076,2025-10-31 15:26:56,1806700.0
4077,2025-10-31 15:30:00,1806700.0
4078,2025-11-03 09:19:44,1806700.0
4079,2025-11-03 09:25:44,1806700.0
4080,2025-11-03 09:32:14,1806700.0
4081,2025-11-03 09:37:44,1806700.0
4082,2025-11-03 09:44:45,1806700.0
4083,2025-11-03 09:49:15,1806700.0
4084,2025-11-03 09:55:15,1806700.0
4085,2025-11-03 10:01:15,1806700.0
4086,2025-11-03 10:07:45,1806700.0
4087,2025-11-03 10:13:46,1806700.0
4088,2025-11-03 10:20:16,1806700.0
4089,2025-11-03 10:26:16,1806700.0
4090,2025-11-03 10:31:46,1806700.0
4091,2025-11-03 10:39:16,1806700.0
4092,2025-11-03 10:44:17,1806700.0
4093,2025-11-03 10:51:17,1806700.0
4094,2025-11-03 10:57:17,1806700.0
4095,2025-11-03 11:03:17,1806700.0
4096,2025-11-03 11:09:17,1806700.0
4097,2025-11-03 11:14:17,1801900.0
4098,2025-11-03 11:20:48,1791400.0
4099,2025-11-03 11:27:18,1776850.0
4100,2025-11-03 11:34:18,1789450.0
4101,2025-11-03 11:39:48,1752550.0
4102,2025-11-03 11:45:48,1733650.0
4103,2025-11-03 11:51:19,1732450.0
4104,2025-11-03 11:58:49,1731250.0
4105,2025-11-03 12:03:19,1722250.0
4106,2025-11-03 12:09:19,1722250.0
4107,2025-11-03 12:15:49,1722250.0
4108,2025-11-03 12:21:50,1722250.0
4109,2025-11-03 12:28:20,1722250.0
4110,2025-11-03 12:33:50,1722250.0
4111,2025-11-03 12:40:50,1722250.0
4112,2025-11-03 12:47:20,1722250.0
4113,2025-11-03 12:53:21,1722250.0
4114,2025-11-03 13:00:21,1722250.0
4115,2025-11-03 13:06:21,1722250.0
4116,2025-11-03 13:11:21,1722250.0
4117,2025-11-03 13:17:51,1722250.0
4118,2025-11-03 13:24:52,1722250.0
4119,2025-11-03 13:28:52,1722250.0
4120,2025-11-03 13:36:22,1722250.0
4121,2025-11-03 13:42:22,1722250.0
4122,2025-11-03 13:54:23,1722250.0
4123,2025-11-03 14:00:53,1722250.0
4124,2025-11-03 14:06:53,1722250.0
4125,2025-11-03 14:13:23,1722250.0
4126,2025-11-03 14:20:23,1722250.0
4127,2025-11-03 14:27:24,1722250.0
4128,2025-11-03 14:34:54,1722250.0
4129,2025-11-03 14:41:24,1722250.0
4130,2025-11-03 14:48:24,1722250.0
4131,2025-11-03 14:53:54,1722250.0
4132,2025-11-03 15:00:55,1722250.0
4133,2025-11-03 15:07:55,1722250.0
4134,2025-11-03 15:14:25,1722250.0
4135,2025-11-03 15:20:25,1722250.0
4136,2025-11-03 15:27:25,1722250.0
4137,2025-11-03 15:30:00,1722250.0
4138,2025-11-04 09:20:14,1722250.0
4139,2025-11-04 09:25:44,1722250.0
4140,2025-11-04 09:31:44,1722250.0
4141,2025-11-04 09:39:15,1722250.0
4142,2025-11-04 09:44:15,1722250.0
4143,2025-11-04 09:51:15,1722250.0
4144,2025-11-04 09:57:45,1722250.0
4145,2025-11-04 10:03:15,1722250.0
4146,2025-11-04 10:10:16,1722250.0
4147,2025-11-04 10:16:16,1722250.0
4148,2025-11-04 10:22:46,1722250.0
4149,2025-11-04 10:27:16,1722250.0
4150,2025-11-04 10:34:16,1722250.0
4151,2025-11-04 10:39:47,1722250.0
4152,2025-11-04 10:45:47,1722250.0
4153,2025-11-04 10:53:17,1722250.0
4154,2025-11-04 10:57:47,1722250.0
4155,2025-11-04 11:05:47,1722250.0
4156,2025-11-04 11:10:18,1722250.0
4157,2025-11-04 11:17:18,1722250.0
4158,2025-11-04 11:24:18,1722250.0
4159,2025-11-04 11:29:48,1722250.0
4160,2025-11-04 11:36:48,1722250.0
4161,2025-11-04 11:41:18,1722250.0
4162,2025-11-04 11:48:19,1722250.0
4163,2025-11-04 11:54:49,1722250.0
4164,2025-11-04 12:01:49,1722250.0
4165,2025-11-04 12:07:19,1722250.0
4166,2025-11-04 12:13:20,1722250.0
4167,2025-11-04 12:19:50,1722250.0
4168,2025-11-04 12:25:50,1722250.0
4169,2025-11-04 12:32:50,1722250.0
4170,2025-11-04 12:39:50,1722250.0
4171,2025-11-04 12:45:21,1722250.0
4172,2025-11-04 12:50:51,1722250.0
4173,2025-11-04 12:57:51,1722250.0
4174,2025-11-04 13:04:21,1722250.0
4175,2025-11-04 13:10:21,1722250.0
4176,2025-11-04 13:17:22,1722250.0
4177,2025-11-04 13:24:22,1722250.0
4178,2025-11-04 13:29:52,1722250.0
4179,2025-11-04 13:36:52,1722250.0
4180,2025-11-04 13:43:52,1722250.0
4181,2025-11-04 13:50:53,1722250.0
4182,2025-11-04 13:57:53,1722250.0
4183,2025-11-04 14:03:53,1722250.0
4184,2025-11-04 14:10:23,1722250.0
4185,2025-11-04 14:16:53,1722250.0
4186,2025-11-04 14:23:24,1722250.0
4187,2025-11-04 14:29:54,1722250.0
4188,2025-11-04 14:35:54,1722250.0
4189,2025-11-04 14:42:54,1722250.0
4190,2025-11-04 14:49:24,1722250.0
4191,2025-11-04 14:55:25,1722250.0
4192,2025-11-04 15:01:55,1722250.0
4193,2025-11-04 15:08:55,1722250.0
4194,2025-11-04 15:14:55,1722250.0
4195,2025-11-04 15:21:25,1722250.0
4196,2025-11-04 15:28:26,1722250.0
4197,2025-11-04 15:30:00,1722250.0
4198,2025-11-06 09:18:44,1722250.0
4199,2025-11-06 09:24:01,1722250.0
4200,2025-11-06 09:30:15,1722250.0
4201,2025-11-06 09:37:15,1722250.0
4202,2025-11-06 09:42:45,1722250.0
4203,2025-11-06 09:48:37,1722250.0
4204,2025-11-06 09:55:16,1722250.0
4205,2025-11-06 10:01:16,1722250.0
4206,2025-11-06 10:06:46,1722250.0
4207,2025-11-06 10:12:16,1722250.0
4208,2025-11-06 10:18:16,1722250.0
4209,2025-11-06 10:24:16,1722250.0
4210,2025-11-06 10:29:47,1731550.0
4211,2025-11-06 10:34:17,1729750.0
4212,2025-11-06 10:40:47,1734550.0
4213,2025-11-06 10:46:47,1716850.0
4214,2025-11-06 10:52:47,1701550.0
4215,2025-11-06 10:58:18,1678900.0
4216,2025-11-06 11:03:48,1685200.0
4217,2025-11-06 11:09:48,1691200.0
4218,2025-11-06 11:16:18,1691650.0
4219,2025-11-06 11:22:18,1706200.0
4220,2025-11-06 11:27:48,1717600.0
4221,2025-11-06 11:34:49,1714900.0
4222,2025-11-06 11:40:19,1714900.0
4223,2025-11-06 11:46:19,1714900.0
4224,2025-11-06 11:53:19,1714900.0
4225,2025-11-06 11:58:49,1714900.0
4226,2025-11-06 12:05:20,1714900.0
4227,2025-11-06 12:10:50,1714900.0
4228,2025-11-06 12:16:50,1714900.0
4229,2025-11-06 12:23:20,1714900.0
4230,2025-11-06 12:29:20,1714900.0
4231,2025-11-06 12:35:21,1714900.0
4232,2025-11-06 12:42:21,1714900.0
4233,2025-11-06 12:47:51,1714900.0
4234,2025-11-06 12:54:21,1714900.0
4235,2025-11-06 13:00:21,1714900.0
4236,2025-11-06 13:05:52,1714900.0
4237,2025-11-06 13:11:52,1714900.0
4238,2025-11-06 13:17:22,1714900.0
4239,2025-11-06 13:23:22,1714900.0
4240,2025-11-06 13:30:22,1714900.0
4241,2025-11-06 13:35:53,1714900.0
4242,2025-11-06 13:41:53,1714900.0
4243,2025-11-06 13:47:23,1714900.0
4244,2025-11-06 13:53:53,1714900.0
4245,2025-11-06 13:58:23,1714900.0
4246,2025-11-06 14:05:23,1714900.0
4247,2025-11-06 14:11:24,1714900.0
4248,2025-11-06 14:18:24,1714900.0
4249,2025-11-06 14:24:24,1714900.0
4250,2025-11-06 14:30:54,1714900.0
4251,2025-11-06 14:36:24,1714900.0
4252,2025-11-06 14:42:25,1714900.0
4253,2025-11-06 14:48:55,1714900.0
4254,2025-11-06 14:55:55,1714900.0
4255,2025-11-06 15:01:55,1714900.0
4256,2025-11-06 15:08:25,1714900.0
4257,2025-11-06 15:13:56,1714900.0
4258,2025-11-06 15:20:56,1714900.0
4259,2025-11-06 15:26:56,1714900.0
4260,2025-11-06 15:30:00,1714900.0
4261,2025-11-07 09:19:14,1714900.0
4262,2025-11-07 09:26:15,1714900.0
4263,2025-11-07 09:32:15,1695100.0
4264,2025-11-07 09:38:45,1727200.0
4265,2025-11-07 09:43:15,1714150.0
4266,2025-11-07 09:49:15,1714150.0
4267,2025-11-07 09:55:46,1714150.0
4268,2025-11-07 10:00:16,1714150.0
4269,2025-11-07 10:06:16,1714150.0
4270,2025-11-07 10:12:16,1714150.0
4271,2025-11-07 10:18:46,1714150.0
4272,2025-11-07 10:24:47,1714150.0
4273,2025-11-07 10:31:17,1714150.0
4274,2025-11-07 10:36:47,1714150.0
4275,2025-11-07 10:42:47,1714150.0
4276,2025-11-07 10:49:47,1714150.0
4277,2025-11-07 10:55:17,1714150.0
4278,2025-11-07 11:01:18,1714150.0
4279,2025-11-07 11:08:18,1714150.0
4280,2025-11-07 11:13:48,1714150.0
4281,2025-11-07 11:20:18,1714150.0
4282,2025-11-07 11:25:48,1714150.0
4283,2025-11-07 11:32:49,1714150.0
4284,2025-11-07 11:38:19,1714150.0
4285,2025-11-07 11:45:19,1714150.0
4286,2025-11-07 11:51:19,1736050.0
4287,2025-11-07 11:57:19,1728550.0
4288,2025-11-07 12:03:20,1722100.0
4289,2025-11-07 12:09:20,1722100.0
4290,2025-11-07 12:16:20,1722100.0
4291,2025-11-07 12:21:50,1722100.0
4292,2025-11-07 12:28:50,1722100.0
4293,2025-11-07 12:34:21,1722100.0
4294,2025-11-07 12:41:21,1722100.0
4295,2025-11-07 12:46:51,1722100.0
4296,2025-11-07 12:53:51,1722100.0
4297,2025-11-07 12:59:21,1722100.0
4298,2025-11-07 13:05:52,1722100.0
4299,2025-11-07 13:11:22,1722100.0
4300,2025-11-07 13:16:52,1722100.0
4301,2025-11-07 13:23:52,1722100.0
4302,2025-11-07 13:30:52,1722100.0
4303,2025-11-07 13:35:53,1722100.0
4304,2025-11-07 13:42:53,1732900.0
4305,2025-11-07 13:48:53,1713400.0
4306,2025-11-07 13:54:23,1694050.0
4307,2025-11-07 14:01:23,1638100.0
4308,2025-11-07 14:06:53,1638100.0
4309,2025-11-07 14:12:54,1638100.0
4310,2025-11-07 14:18:24,1638100.0
4311,2025-11-07 14:24:24,1638100.0
4312,2025-11-07 14:30:24,1638100.0
4313,2025-11-07 14:36:24,1638100.0
4314,2025-11-07 14:42:55,1638100.0
4315,2025-11-07 14:49:55,1638100.0
4316,2025-11-07 14:55:25,1638100.0
4317,2025-11-07 15:01:25,1638100.0
4318,2025-11-07 15:08:25,1638100.0
4319,2025-11-07 15:14:26,1638100.0
4320,2025-11-07 15:20:26,1638100.0
4321,2025-11-07 15:25:56,1638100.0
4322,2025-11-07 15:30:00,1638100.0
4323,2025-11-10 09:19:44,1638100.0
4324,2025-11-10 09:25:14,1567300.0
4325,2025-11-10 09:31:44,1623250.0
4326,2025-11-10 09:38:15,1648150.0
4327,2025-11-10 09:43:38,1584700.0
4328,2025-11-10 09:51:45,1584700.0
4329,2025-11-10 09:56:15,1584700.0
4330,2025-11-10 10:03:15,1584700.0
4331,2025-11-10 10:09:16,1584700.0
4332,2025-11-10 10:15:16,1584700.0
4333,2025-11-10 10:20:16,1584700.0
4334,2025-11-10 10:26:16,1584700.0
4335,2025-11-10 10:33:46,1584700.0
4336,2025-11-10 10:39:47,1584700.0
4337,2025-11-10 10:46:17,1584700.0
4338,2025-11-10 10:51:17,1584700.0
4339,2025-11-10 10:56:47,1584700.0
4340,2025-11-10 11:03:47,1584700.0
4341,2025-11-10 11:09:17,1584700.0
4342,2025-11-10 11:15:48,1584700.0
4343,2025-11-10 11:21:48,1584700.0
4344,2025-11-10 11:27:48,1584700.0
4345,2025-11-10 11:34:18,1584700.0
4346,2025-11-10 11:40:18,1584700.0
4347,2025-11-10 11:47:19,1584700.0
4348,2025-11-10 11:53:19,1584700.0
4349,2025-11-10 11:58:49,1584700.0
4350,2025-11-10 12:04:49,1584700.0
4351,2025-11-10 12:12:19,1584700.0
4352,2025-11-10 12:17:50,1584700.0
4353,2025-11-10 12:24:50,1584700.0
4354,2025-11-10 12:30:20,1584700.0
4355,2025-11-10 12:36:50,1584700.0
4356,2025-11-10 12:43:20,1584700.0
4357,2025-11-10 12:49:21,1584700.0
4358,2025-11-10 12:55:21,1584700.0
4359,2025-11-10 13:02:21,1584700.0
4360,2025-11-10 13:08:21,1584700.0
4361,2025-11-10 13:14:51,1584700.0
4362,2025-11-10 13:22:22,1584700.0
4363,2025-11-10 13:29:22,1584700.0
4364,2025-11-10 13:35:22,1584700.0
4365,2025-11-10 13:40:22,1584700.0
4366,2025-11-10 13:47:52,1584700.0
4367,2025-11-10 13:53:23,1584700.0
4368,2025-11-10 14:00:23,1584700.0
4369,2025-11-10 14:06:23,1584700.0
4370,2025-11-10 14:12:23,1584700.0
4371,2025-11-10 14:18:53,1584700.0
4372,2025-11-10 14:24:54,1584700.0
4373,2025-11-10 14:31:24,1584700.0
4374,2025-11-10 14:36:54,1584700.0
4375,2025-11-10 14:43:54,1584700.0
4376,2025-11-10 14:49:54,1584700.0
4377,2025-11-10 14:55:25,1584700.0
4378,2025-11-10 15:02:55,1584700.0
4379,2025-11-10 15:08:55,1584700.0
4380,2025-11-10 15:14:25,1584700.0
4381,2025-11-10 15:21:25,1584700.0
4382,2025-11-10 15:27:26,1584700.0
4383,2025-11-10 15:30:00,1584700.0
4384,2025-11-11 09:19:14,1584700.0
4385,2025-11-11 09:25:44,1584700.0
4386,2025-11-11 09:32:14,1584700.0
4387,2025-11-11 09:36:45,1584700.0
4388,2025-11-11 09:42:45,1584700.0
4389,2025-11-11 09:48:15,1584700.0
4390,2025-11-11 09:54:15,1584700.0
4391,2025-11-11 10:01:15,1584700.0
4392,2025-11-11 10:06:16,1584700.0
4393,2025-11-11 10:11:16,1584700.0
4394,2025-11-11 10:18:16,1584700.0
4395,2025-11-11 10:23:16,1584700.0
4396,2025-11-11 10:28:46,1584700.0
4397,2025-11-11 10:35:16,1584700.0
4398,2025-11-11 10:40:47,1584700.0
4399,2025-11-11 10:46:47,1584700.0
4400,2025-11-11 10:51:17,1584700.0
4401,2025-11-11 10:58:17,1584700.0
4402,2025-11-11 11:02:47,1584700.0
4403,2025-11-11 11:09:18,1584700.0
4404,2025-11-11 11:14:18,1584700.0
4405,2025-11-11 11:20:48,1584700.0
4406,2025-11-11 11:27:48,1584700.0
4407,2025-11-11 11:34:18,1584700.0
4408,2025-11-11 11:40:49,1584700.0
4409,2025-11-11 11:45:19,1584700.0
4410,2025-11-11 11:52:19,1584700.0
4411,2025-11-11 11:57:49,1584700.0
4412,2025-11-11 12:03:19,1584700.0
4413,2025-11-11 12:10:19,1584700.0
4414,2025-11-11 12:15:50,1584700.0
4415,2025-11-11 12:21:20,1584700.0
4416,2025-11-11 12:27:20,1584700.0
4417,2025-11-11 12:33:50,1584700.0
4418,2025-11-11 12:39:50,1584700.0
4419,2025-11-11 12:45:51,1584700.0
4420,2025-11-11 12:51:21,1584700.0
4421,2025-11-11 12:57:51,1584700.0
4422,2025-11-11 13:04:51,1584700.0
4423,2025-11-11 13:10:51,1584700.0
4424,2025-11-11 13:16:22,1584700.0
4425,2025-11-11 13:22:22,1584700.0
4426,2025-11-11 13:28:52,1584700.0
4427,2025-11-11 13:33:52,1584700.0
4428,2025-11-11 13:39:22,1584700.0
4429,2025-11-11 13:45:22,1584700.0
4430,2025-11-11 13:50:53,1584700.0
4431,2025-11-11 13:57:23,1584700.0
4432,2025-11-11 14:03:53,1584700.0
4433,2025-11-11 14:10:23,1584700.0
4434,2025-11-11 14:14:53,1584700.0
4435,2025-11-11 14:21:24,1584700.0
4436,2025-11-11 14:26:24,1584700.0
4437,2025-11-11 14:32:24,1584700.0
4438,2025-11-11 14:38:54,1584700.0
4439,2025-11-11 14:45:54,1584700.0
4440,2025-11-11 14:51:24,1584700.0
4441,2025-11-11 14:57:25,1584700.0
4442,2025-11-11 15:03:25,1584700.0
4443,2025-11-11 15:08:55,1584700.0
4444,2025-11-11 15:14:25,1584700.0
4445,2025-11-11 15:20:55,1584700.0
4446,2025-11-11 15:26:26,1584700.0
4447,2025-11-11 15:30:00,1584700.0
4448,2025-11-12 09:18:44,1584700.0
4449,2025-11-12 09:24:15,1584700.0
4450,2025-11-12 09:31:15,1584700.0
4451,2025-11-12 09:37:45,1584700.0
4452,2025-11-12 09:43:15,1543750.0
4453,2025-11-12 09:49:15,1533250.0
4454,2025-11-12 09:54:16,1537150.0
4455,2025-11-12 10:00:46,1538350.0
4456,2025-11-12 10:05:46,1506700.0
4457,2025-11-12 10:12:16,1506700.0
4458,2025-11-12 10:17:46,1506700.0
4459,2025-11-12 10:24:46,1506700.0
4460,2025-11-12 10:30:17,1506700.0
4461,2025-11-12 10:35:47,1506700.0
4462,2025-11-12 10:42:17,1506700.0
4463,2025-11-12 10:48:17,1506700.0
4464,2025-11-12 10:53:47,1506700.0
4465,2025-11-12 10:59:18,1506700.0
4466,2025-11-12 11:05:18,1506700.0
4467,2025-11-12 11:12:18,1506700.0
4468,2025-11-12 11:18:18,1506700.0
4469,2025-11-12 11:25:18,1506700.0
4470,2025-11-12 11:29:19,1506700.0
4471,2025-11-12 11:35:19,1506700.0
4472,2025-11-12 11:41:19,1506700.0
4473,2025-11-12 11:47:19,1506700.0
4474,2025-11-12 11:52:49,1506700.0
4475,2025-11-12 11:58:49,1506700.0
4476,2025-11-12 12:05:20,1506700.0
4477,2025-11-12 12:10:50,1506700.0
4478,2025-11-12 12:15:20,1506700.0
4479,2025-11-12 12:22:20,1506700.0
4480,2025-11-12 12:34:51,1506700.0
4481,2025-11-12 12:40:21,1506700.0
4482,2025-11-12 12:46:21,1506700.0
4483,2025-11-12 12:51:51,1506700.0
4484,2025-11-12 12:57:21,1506700.0
4485,2025-11-12 13:03:21,1506700.0
4486,2025-11-12 13:07:22,1506700.0
4487,2025-11-12 13:14:22,1506700.0
4488,2025-11-12 13:19:22,1506700.0
4489,2025-11-12 13:25:52,1506700.0
4490,2025-11-12 13:31:52,1506700.0
4491,2025-11-12 13:37:53,1506700.0
4492,2025-11-12 13:43:23,1506700.0
4493,2025-11-12 13:48:53,1506700.0
4494,2025-11-12 13:55:53,1506700.0
4495,2025-11-12 14:00:23,1506700.0
4496,2025-11-12 14:05:53,1506700.0
4497,2025-11-12 14:12:54,1506700.0
4498,2025-11-12 14:17:54,1506700.0
4499,2025-11-12 14:23:02,1506700.0
4500,2025-11-12 14:30:24,1506700.0
4501,2025-11-12 14:36:24,1506700.0
4502,2025-11-12 14:41:55,1506700.0
4503,2025-11-12 14:47:25,1506700.0
4504,2025-11-12 14:54:25,1506700.0
4505,2025-11-12 14:59:55,1506700.0
4506,2025-11-12 15:05:25,1506700.0
4507,2025-11-12 15:11:56,1506700.0
4508,2025-11-12 15:16:26,1506700.0
4509,2025-11-12 15:21:56,1506700.0
4510,2025-11-12 15:29:26,1506700.0
4511,2025-11-12 15:30:00,1506700.0
4512,2025-11-13 09:19:14,1506700.0
4513,2025-11-13 09:25:14,1506700.0
4514,2025-11-13 09:32:15,1506700.0
4515,2025-11-13 09:37:45,1432150.0
4516,2025-11-13 09:43:45,1434100.0
4517,2025-11-13 09:49:45,1500400.0
4518,2025-11-13 09:55:15,1458700.0
4519,2025-11-13 10:01:15,1458700.0
4520,2025-11-13 10:08:46,1458700.0
4521,2025-11-13 10:14:16,1458700.0
4522,2025-11-13 10:20:46,1458700.0
4523,2025-11-13 10:26:46,1458700.0
4524,2025-11-13 10:32:16,1458700.0
4525,2025-11-13 10:39:17,1458700.0
4526,2025-11-13 10:45:47,1458700.0
4527,2025-11-13 10:50:47,1458700.0
4528,2025-11-13 10:56:47,1458700.0
4529,2025-11-13 11:03:17,1458700.0
4530,2025-11-13 11:10:18,1458700.0
4531,2025-11-13 11:15:48,1458700.0
4532,2025-11-13 11:21:48,1458700.0
4533,2025-11-13 11:26:48,1458700.0
4534,2025-11-13 11:33:18,1458700.0
4535,2025-11-13 11:40:19,1458700.0
4536,2025-11-13 11:45:49,1458700.0
4537,2025-11-13 11:51:49,1458700.0
4538,2025-11-13 11:57:49,1458700.0
4539,2025-11-13 12:04:49,1458700.0
4540,2025-11-13 12:10:50,1458700.0
4541,2025-11-13 12:16:50,1458700.0
4542,2025-11-13 12:23:50,1458700.0
4543,2025-11-13 12:29:50,1458700.0
4544,2025-11-13 12:35:50,1458700.0
4545,2025-11-13 12:42:21,1458700.0
4546,2025-11-13 12:49:21,1458700.0
4547,2025-11-13 12:54:51,1458700.0
4548,2025-11-13 13:01:51,1458700.0
4549,2025-11-13 13:07:21,1458700.0
4550,2025-11-13 13:14:52,1458700.0
4551,2025-11-13 13:21:52,1458700.0
4552,2025-11-13 13:27:22,1458700.0
4553,2025-11-13 13:34:22,1458700.0
4554,2025-11-13 13:40:52,1458700.0
4555,2025-11-13 13:47:53,1458700.0
4556,2025-11-13 13:52:53,1458700.0
4557,2025-11-13 13:58:53,1458700.0
4558,2025-11-13 14:05:53,1458700.0
4559,2025-11-13 14:13:53,1458700.0
4560,2025-11-13 14:19:24,1458700.0
4561,2025-11-13 14:24:54,1458700.0
4562,2025-11-13 14:31:24,1473700.0
4563,2025-11-13 14:38:24,1441750.0
4564,2025-11-13 14:45:24,1461700.0
4565,2025-11-13 14:50:25,1460950.0
4566,2025-11-13 14:57:25,1436350.0
4567,2025-11-13 15:03:55,1436350.0
4568,2025-11-13 15:10:25,1436350.0
4569,2025-11-13 15:17:25,1436350.0
4570,2025-11-13 15:23:26,1436350.0
4571,2025-11-13 15:28:56,1436350.0
4572,2025-11-13 15:30:00,1436350.0
4573,2025-11-14 09:19:44,1436350.0
4574,2025-11-14 09:25:44,1436350.0
4575,2025-11-14 09:32:44,1436350.0
4576,2025-11-14 09:44:15,1436350.0
4577,2025-11-14 09:50:15,1436350.0
4578,2025-11-14 09:56:45,1436350.0
4579,2025-11-14 10:02:45,1436350.0
4580,2025-11-14 10:08:16,1436350.0
4581,2025-11-14 10:14:16,1436350.0
4582,2025-11-14 10:20:46,1436350.0
4583,2025-11-14 10:27:16,1436350.0
4584,2025-11-14 10:32:16,1436350.0
4585,2025-11-14 10:38:47,1436350.0
4586,2025-11-14 10:44:38,1436350.0
4587,2025-11-14 10:51:17,1436350.0
4588,2025-11-14 10:57:47,1573600.0
4589,2025-11-14 11:03:17,1593250.0
4590,2025-11-14 11:09:17,1593250.0
4591,2025-11-14 11:16:48,1588600.0
4592,2025-11-14 11:21:48,1588600.0
4593,2025-11-14 11:28:48,1588600.0
4594,2025-11-14 11:34:18,1588600.0
4595,2025-11-14 11:40:48,1588600.0
4596,2025-11-14 11:45:49,1588600.0
4597,2025-11-14 11:52:49,1588600.0
4598,2025-11-14 11:58:49,1588600.0
4599,2025-11-14 12:04:19,1588600.0
4600,2025-11-14 12:11:19,1588600.0
4601,2025-11-14 12:17:50,1588600.0
4602,2025-11-14 12:24:20,1588600.0
4603,2025-11-14 12:30:50,1588600.0
4604,2025-11-14 12:37:20,1588600.0
4605,2025-11-14 12:42:20,1588600.0
4606,2025-11-14 12:49:21,1588600.0
4607,2025-11-14 12:54:51,1588600.0
4608,2025-11-14 13:01:21,1588600.0
4609,2025-11-14 13:08:21,1588600.0
4610,2025-11-14 13:14:21,1588600.0
4611,2025-11-14 13:20:52,1588600.0
4612,2025-11-14 13:32:22,1588600.0
4613,2025-11-14 13:39:52,1588600.0
4614,2025-11-14 13:44:22,1588600.0
4615,2025-11-14 13:52:53,1588600.0
4616,2025-11-14 13:58:53,1588600.0
4617,2025-11-14 14:04:53,1588600.0
4618,2025-11-14 14:11:23,1582000.0
4619,2025-11-14 14:16:53,1583650.0
4620,2025-11-14 14:23:54,1571800.0
4621,2025-11-14 14:30:24,1571800.0
4622,2025-11-14 14:35:54,1571800.0
4623,2025-11-14 14:42:24,1571800.0
4624,2025-11-14 14:48:24,1571800.0
4625,2025-11-14 14:55:55,1571800.0
4626,2025-11-14 15:01:25,1571800.0
4627,2025-11-14 15:07:25,1571800.0
4628,2025-11-14 15:14:25,1571800.0
4629,2025-11-14 15:19:55,1571800.0
4630,2025-11-14 15:26:56,1571800.0
4631,2025-11-17 10:09:16,1571800.0
4632,2025-11-17 10:17:16,1571800.0
4633,2025-11-17 10:23:46,1571800.0
4634,2025-11-17 10:31:16,1571800.0
4635,2025-11-17 10:38:17,1571800.0
4636,2025-11-17 10:45:47,1571800.0
4637,2025-11-17 10:51:17,1571800.0
4638,2025-11-17 10:57:47,1571800.0
4639,2025-11-17 11:04:47,1571800.0
4640,2025-11-17 11:11:18,1571800.0
4641,2025-11-17 11:17:48,1571800.0
4642,2025-11-17 11:24:48,1571800.0
4643,2025-11-17 11:30:48,1571800.0
4644,2025-11-17 11:37:48,1571800.0
4645,2025-11-17 11:44:19,1571800.0
4646,2025-11-17 11:50:19,1571800.0
4647,2025-11-17 11:56:49,1571800.0
4648,2025-11-17 12:02:19,1571800.0
4649,2025-11-17 12:09:19,1571800.0
4650,2025-11-17 12:16:20,1571800.0
4651,2025-11-17 12:22:50,1571800.0
4652,2025-11-17 12:29:20,1571800.0
4653,2025-11-17 12:37:20,1571800.0
4654,2025-11-17 12:44:51,1571800.0
4655,2025-11-17 12:50:21,1571800.0
4656,2025-11-17 12:54:51,1571800.0
4657,2025-11-17 12:59:21,1571800.0
4658,2025-11-17 13:03:21,1571800.0
4659,2025-11-17 13:07:21,1571800.0
4660,2025-11-17 13:11:51,1571800.0
4661,2025-11-17 13:17:22,1571800.0
4662,2025-11-17 13:20:52,1571800.0
4663,2025-11-17 13:25:22,1571800.0
4664,2025-11-17 13:29:22,1571800.0
4665,2025-11-17 13:32:52,1571800.0
4666,2025-11-17 13:37:22,1571800.0
4667,2025-11-17 13:41:52,1571800.0
4668,2025-11-17 13:45:22,1571800.0
4669,2025-11-17 13:49:23,1571800.0
4670,2025-11-17 13:53:23,1571800.0
4671,2025-11-17 13:57:53,1571800.0
4672,2025-11-17 14:02:23,1571800.0
4673,2025-11-17 14:06:31,1571800.0
4674,2025-11-17 14:11:23,1571800.0
4675,2025-11-17 14:14:23,1571800.0
4676,2025-11-17 14:19:24,1571800.0
4677,2025-11-17 14:23:54,1571800.0
4678,2025-11-17 14:29:24,1571800.0
4679,2025-11-17 14:33:54,1571800.0
4680,2025-11-17 14:37:54,1571800.0
4681,2025-11-17 14:42:24,1571800.0
4682,2025-11-17 14:45:54,1571800.0
4683,2025-11-17 14:50:25,1571800.0
4684,2025-11-17 14:55:25,1571800.0
4685,2025-11-17 14:59:55,1571800.0
4686,2025-11-17 15:04:25,1571800.0
4687,2025-11-17 15:09:51,1571800.0
4688,2025-11-17 15:13:25,1571800.0
4689,2025-11-17 15:18:25,1571800.0
4690,2025-11-17 15:21:56,1571800.0
4691,2025-11-17 15:25:56,1571800.0
4692,2025-11-17 15:30:00,1571800.0
4693,2025-11-18 09:16:14,1571800.0
4694,2025-11-18 09:19:44,1571800.0
4695,2025-11-18 09:23:44,1571800.0
4696,2025-11-18 09:28:45,1571800.0
4697,2025-11-18 09:31:45,1571800.0
4698,2025-11-18 09:37:45,1571800.0
4699,2025-11-18 09:41:45,1571800.0
4700,2025-11-18 09:46:45,1571800.0
4701,2025-11-18 09:50:45,1571800.0
4702,2025-11-18 09:55:15,1571800.0
4703,2025-11-18 10:00:46,1571800.0
4704,2025-11-18 10:04:16,1571800.0
4705,2025-11-18 10:09:16,1571800.0
4706,2025-11-18 10:12:46,1571800.0
4707,2025-11-18 10:17:16,1571800.0
4708,2025-11-18 10:21:46,1571800.0
4709,2025-11-18 10:25:16,1571800.0
4710,2025-11-18 10:29:46,1571800.0
4711,2025-11-18 10:35:17,1571800.0
4712,2025-11-18 10:39:17,1571800.0
4713,2025-11-18 10:43:17,1571800.0
4714,2025-11-18 10:49:17,1571800.0
4715,2025-11-18 10:52:47,1571800.0
4716,2025-11-18 10:57:17,1571800.0
4717,2025-11-18 11:00:17,1571800.0
4718,2025-11-18 11:03:48,1571800.0
4719,2025-11-18 11:08:18,1571800.0
4720,2025-11-18 11:14:18,1571800.0
4721,2025-11-18 11:17:18,1571800.0
4722,2025-11-18 11:22:18,1571800.0
4723,2025-11-18 11:27:18,1571800.0
4724,2025-11-18 11:30:48,1571800.0
4725,2025-11-18 11:34:18,1571800.0
4726,2025-11-18 11:38:32,1571800.0
4727,2025-11-18 11:43:19,1571800.0
4728,2025-11-18 11:46:49,1571800.0
4729,2025-11-18 11:51:49,1571800.0
4730,2025-11-18 11:56:19,1571800.0
4731,2025-11-18 12:00:19,1571800.0
4732,2025-11-18 12:05:19,1571800.0
4733,2025-11-18 12:09:50,1571800.0
4734,2025-11-18 12:13:50,1571800.0
4735,2025-11-18 12:17:50,1571800.0
4736,2025-11-18 12:22:20,1571800.0
4737,2025-11-18 12:28:20,1571800.0
4738,2025-11-18 12:31:20,1571800.0
4739,2025-11-18 12:35:50,1571800.0
4740,2025-11-18 12:42:21,1571800.0
4741,2025-11-18 12:45:21,1571800.0
4742,2025-11-18 12:51:21,1571800.0
4743,2025-11-18 12:54:51,1571800.0
4744,2025-11-18 12:58:51,1571800.0
4745,2025-11-18 13:04:21,1571800.0
4746,2025-11-18 13:07:21,1571800.0
4747,2025-11-18 13:12:22,1571800.0
4748,2025-11-18 13:16:52,1571800.0
4749,2025-11-18 13:20:22,1571800.0
4750,2025-11-18 13:24:52,1571800.0
4751,2025-11-18 13:28:22,1571800.0
4752,2025-11-18 13:32:52,1571800.0
4753,2025-11-18 13:37:22,1571800.0
4754,2025-11-18 13:42:52,1571800.0
4755,2025-11-18 13:46:53,1571800.0
4756,2025-11-18 13:51:23,1571800.0
4757,2025-11-18 13:55:53,1571800.0
4758,2025-11-18 14:00:53,1571800.0
4759,2025-11-18 14:05:23,1571800.0
4760,2025-11-18 14:09:23,1571800.0
4761,2025-11-18 14:14:54,1571800.0
4762,2025-11-18 14:19:24,1571800.0
4763,2025-11-18 14:22:54,1571800.0
4764,2025-11-18 14:26:24,1571800.0
4765,2025-11-18 14:31:54,1571800.0
4766,2025-11-18 14:35:54,1571800.0
4767,2025-11-18 14:41:24,1571800.0
4768,2025-11-18 14:44:54,1571800.0
4769,2025-11-18 14:48:55,1571800.0
4770,2025-11-18 14:54:25,1571800.0
4771,2025-11-18 14:58:25,1571800.0
4772,2025-11-18 15:03:25,1571800.0
4773,2025-11-18 15:08:55,1571800.0
4774,2025-11-18 15:12:25,1571800.0
4775,2025-11-18 15:17:25,1571800.0
4776,2025-11-18 15:21:56,1571800.0
4777,2025-11-18 15:25:56,1571800.0
4778,2025-11-18 15:30:00,1571800.0
