direction,expiry,strike,entry_datetime,exit_datetime,entry_price,exit_price,quantity,pnl,return_pct,underlying_at_entry,underlying_at_exit
CALL,2025-07-17,25050,2025-07-15 09:22:45,2025-07-15 09:46:15,158.85,125.7,3000,-99449.99999999997,-0.2086874409820585,25135.65,25094.6
PUT,2025-07-17,25200,2025-07-15 09:37:15,2025-07-15 10:31:47,122.4,107.8,3000,-43800.00000000003,-0.11928104575163406,25131.05,25136.7
PUT,2025-07-17,25150,2025-07-16 09:21:14,2025-07-16 10:22:16,58.6,58.65,3000,149.99999999999147,0.0008532423208190642,25158.95,25151.35
CALL,2025-07-17,25150,2025-07-16 09:40:15,2025-07-16 10:36:17,76.8,59.35,3000,-52349.999999999985,-0.2272135416666666,25166.65,25138.05
CALL,2025-07-17,25250,2025-07-16 13:44:53,2025-07-16 14:54:25,45.65,46.7,3000,3150.0000000000127,0.02300109529025201,25214.25,25224.25
CALL,2025-07-24,25100,2025-07-18 09:38:15,2025-07-18 10:10:46,134.0,105.25,3000,-86250.0,-0.21455223880597016,25078.9,25015.4
PUT,2025-07-24,25050,2025-07-18 09:28:59,2025-07-18 10:24:46,103.55,167.15,3000,190800.00000000003,0.614196040560116,25065.05,24955.65
CALL,2025-07-24,24950,2025-07-18 11:09:18,2025-07-18 12:00:19,157.65,152.55,3000,-15299.999999999984,-0.032350142721217855,24956.6,24952.05
PUT,2025-07-24,24950,2025-07-18 11:40:19,2025-07-18 12:26:50,119.7,113.05,3000,-19950.00000000002,-0.05555555555555561,24953.85,24932.85
PUT,2025-07-24,25050,2025-07-21 10:22:47,2025-07-21 11:34:19,97.3,84.4,3000,-38699.99999999997,-0.13257965056526197,25049.3,25059.2
CALL,2025-07-24,25050,2025-07-21 12:03:50,2025-07-21 12:59:04,111.2,107.8,3000,-10200.000000000016,-0.030575539568345373,25039.6,25044.0
CALL,2025-07-24,25100,2025-07-22 09:49:46,2025-07-22 10:42:47,100.1,79.75,3000,-61049.999999999985,-0.20329670329670324,25123.3,25094.75
PUT,2025-07-24,25150,2025-07-23 09:33:14,2025-07-23 10:29:46,76.55,76.45,3000,-299.99999999998295,-0.0013063357282820942,25111.05,25107.9
CALL,2025-07-24,25000,2025-07-23 09:23:14,2025-07-23 10:34:16,157.0,136.75,3000,-60750.0,-0.12898089171974522,25130.35,25106.1
PUT,2025-07-24,25150,2025-07-23 11:16:18,2025-07-23 12:11:19,62.2,44.85,3000,-52050.00000000001,-0.2789389067524116,25127.65,25157.95
PUT,2025-07-31,24950,2025-07-25 10:05:46,2025-07-25 11:03:48,127.9,164.2,3000,108899.99999999994,0.28381548084440955,24923.2,24871.7
CALL,2025-07-31,24800,2025-07-25 11:59:50,2025-07-25 12:53:51,167.35,166.55,3000,-2399.999999999949,-0.004780400358529925,24842.7,24861.7
PUT,2025-07-31,24800,2025-07-28 09:24:45,2025-07-28 09:35:45,119.15,82.85,3000,-108900.00000000003,-0.3046579941250525,24781.95,24838.2
PUT,2025-07-31,24650,2025-07-28 13:21:22,2025-07-28 14:12:51,80.3,91.05,3000,32250.0,0.13387297633872977,24701.3,24658.35
CALL,2025-07-31,24650,2025-07-28 14:18:54,2025-07-28 15:12:56,140.25,141.55,3000,3900.000000000034,0.009269162210338761,24684.2,24685.15
PUT,2025-07-31,24650,2025-07-29 09:40:15,2025-07-29 10:33:47,73.45,89.9,3000,49350.00000000001,0.22396187882913549,24685.5,24647.15
PUT,2025-07-31,24650,2025-07-29 11:47:19,2025-07-29 12:18:50,73.5,58.4,3000,-45300.00000000001,-0.20544217687074834,24668.7,24694.55
CALL,2025-07-31,24800,2025-07-29 13:42:23,2025-07-29 14:36:25,73.35,86.7,3000,40050.00000000003,0.18200408997955025,24756.0,24800.1
CALL,2025-08-07,24750,2025-08-01 10:08:16,2025-08-01 11:13:18,136.8,136.75,3000,-150.0000000000341,-0.00036549707602347484,24722.75,24724.45
CALL,2025-08-07,24600,2025-08-04 09:40:45,2025-08-04 12:47:51,173.35,185.35,3000,36000.0,0.06922411306605133,24648.45,24694.4
PUT,2025-08-07,24650,2025-08-05 09:24:44,2025-08-05 10:39:12,89.6,112.7,3000,69300.00000000003,0.2578125000000001,24685.45,24613.25
CALL,2025-08-07,24650,2025-08-06 09:25:44,2025-08-06 10:04:45,98.25,66.3,3000,-95850.00000000001,-0.32519083969465656,24653.95,24595.0
PUT,2025-08-14,24550,2025-08-08 09:26:45,2025-08-08 10:22:47,116.65,173.4,3000,170250.0,0.48649807115302185,24553.65,24448.5
CALL,2025-08-14,24300,2025-08-11 09:27:14,2025-08-11 10:33:16,210.6,225.3,3000,44100.00000000005,0.06980056980056988,24417.1,24449.35
CALL,2025-08-14,24500,2025-08-12 09:25:44,2025-08-12 10:18:46,183.8,218.0,3000,102599.99999999997,0.1860718171926006,24621.7,24658.65
PUT,2025-08-14,24500,2025-08-12 14:17:53,2025-08-12 15:25:56,66.15,73.2,3000,21149.999999999993,0.1065759637188208,24529.7,24491.15
CALL,2025-08-14,24650,2025-08-13 10:06:16,2025-08-13 10:43:47,62.45,49.8,3000,-37950.000000000015,-0.20256204963971186,24600.4,24571.1
CALL,2025-08-21,24950,2025-08-18 09:39:45,2025-08-18 10:53:18,171.6,150.45,3000,-63450.000000000015,-0.12325174825174828,24994.1,24968.75
PUT,2025-08-21,24950,2025-08-18 10:08:46,2025-08-18 11:41:19,102.9,106.9,3000,12000.0,0.038872691933916424,24989.25,24942.25
PUT,2025-08-21,24850,2025-08-18 12:14:20,2025-08-18 12:47:21,96.95,76.55,3000,-61200.000000000015,-0.21041774110366174,24889.4,24906.4
CALL,2025-08-21,24850,2025-08-18 12:25:51,2025-08-18 13:21:52,164.75,183.9,3000,57450.000000000015,0.11623672230652507,24894.0,24947.15
PUT,2025-08-21,24850,2025-08-19 09:36:45,2025-08-19 10:13:46,64.15,50.15,3000,-42000.00000000002,-0.2182385035074046,24900.75,24922.2
PUT,2025-08-21,24950,2025-08-20 09:24:14,2025-08-20 09:45:45,74.9,59.9,3000,-45000.00000000002,-0.2002670226969293,24944.45,24972.35
PUT,2025-08-28,25000,2025-08-22 09:31:45,2025-08-22 10:26:46,133.1,141.5,3000,25200.00000000002,0.06311044327573258,24957.3,24909.85
CALL,2025-08-28,24800,2025-08-25 09:24:14,2025-08-25 10:42:17,185.95,190.85,3000,14700.000000000016,0.026351169669265963,24929.4,24943.95
PUT,2025-08-28,24950,2025-08-25 09:54:45,2025-08-25 10:52:17,80.8,79.8,3000,-3000.0,-0.012376237623762377,24948.85,24945.35
PUT,2025-08-28,25050,2025-08-25 14:32:54,2025-08-25 15:30:00,112.9,105.8,3000,-21300.000000000025,-0.06288751107174498,24979.95,24979.55
PUT,2025-08-28,24750,2025-08-26 14:19:54,2025-08-26 15:20:26,53.35,81.5,3000,84450.0,0.5276476101218369,24765.6,24697.5
PUT,2025-09-02,24500,2025-08-29 09:37:45,2025-08-29 10:34:17,94.3,70.0,3000,-72899.99999999999,-0.25768822905620353,24497.55,24523.75
CALL,2025-09-02,24450,2025-08-29 10:22:17,2025-08-29 11:21:19,156.7,171.0,3000,42900.00000000004,0.09125717932354827,24499.5,24547.95
PUT,2025-09-02,24450,2025-08-29 14:40:26,2025-08-29 14:59:26,72.1,56.6,3000,-46499.99999999998,-0.21497919556171977,24457.95,24475.7
CALL,2025-09-02,24400,2025-09-01 09:25:15,2025-09-01 10:41:48,176.7,156.6,3000,-60299.999999999985,-0.11375212224108656,24528.05,24515.45
CALL,2025-09-09,24550,2025-09-03 10:28:17,2025-09-03 11:24:49,160.0,140.3,3000,-59099.99999999996,-0.12312499999999993,24601.7,24571.0
PUT,2025-09-09,24550,2025-09-03 10:39:47,2025-09-03 11:40:19,102.35,86.55,3000,-47399.99999999999,-0.15437225207620905,24572.25,24586.8
PUT,2025-09-09,24900,2025-09-04 09:47:46,2025-09-04 10:47:48,89.65,135.45,3000,137399.99999999994,0.5108756274400444,24897.0,24817.7
PUT,2025-09-09,24750,2025-09-04 12:16:51,2025-09-04 13:07:52,73.6,58.5,3000,-45299.999999999985,-0.20516304347826084,24803.5,24834.85
CALL,2025-09-09,24750,2025-09-04 14:36:55,2025-09-05 09:58:15,114.0,114.05,3000,149.99999999999147,0.00043859649122804525,24746.3,24789.55
PUT,2025-09-09,24850,2025-09-05 09:41:22,2025-09-05 10:37:47,109.9,181.0,3000,213299.99999999997,0.6469517743403093,24782.8,24697.4
CALL,2025-09-09,24650,2025-09-05 11:04:47,2025-09-05 12:17:20,128.15,102.25,3000,-77700.00000000001,-0.20210690596956696,24677.8,24649.1
PUT,2025-09-09,24800,2025-09-08 09:54:46,2025-09-08 11:08:48,50.3,58.25,3000,23850.000000000007,0.15805168986083504,24813.95,24785.7
CALL,2025-09-09,24900,2025-09-08 13:00:52,2025-09-08 13:41:23,53.65,42.1,3000,-34649.99999999999,-0.21528424976700833,24863.25,24847.5
CALL,2025-09-16,24950,2025-09-10 13:28:23,2025-09-10 14:45:55,144.0,137.4,3000,-19799.99999999998,-0.04583333333333329,24967.25,24944.75
CALL,2025-10-07,24650,2025-10-01 09:34:15,2025-10-01 10:41:17,140.6,146.85,3000,18750.0,0.04445234708392603,24661.85,24670.95
CALL,2025-10-07,24850,2025-10-01 12:06:51,2025-10-01 12:59:22,107.2,79.35,3000,-83550.00000000003,-0.25979477611940305,24806.55,24759.85
PUT,2025-10-07,24850,2025-10-01 12:22:21,2025-10-01 13:15:23,120.85,126.75,3000,17700.00000000002,0.048820852296235055,24784.05,24766.65
PUT,2025-10-07,24800,2025-10-03 09:16:45,2025-10-03 10:00:46,77.85,57.35,3000,-61499.99999999998,-0.2633269107257546,24781.35,24829.75
CALL,2025-10-07,24750,2025-10-03 09:45:16,2025-10-03 10:46:18,128.2,113.65,3000,-43649.99999999995,-0.11349453978159114,24791.5,24774.6
CALL,2025-10-07,24850,2025-10-03 14:54:26,2025-10-06 10:47:48,102.25,150.2,3000,143849.99999999997,0.46894865525672363,24884.95,24975.0
CALL,2025-10-14,25050,2025-10-08 09:25:15,2025-10-08 10:32:17,208.7,162.65,3000,-138149.99999999994,-0.2206516530905605,25169.95,25116.55
PUT,2025-10-14,25050,2025-10-08 11:08:18,2025-10-08 12:14:21,99.3,98.85,3000,-1350.0000000000086,-0.004531722054380694,25050.05,25047.05
CALL,2025-10-14,25000,2025-10-08 12:14:21,2025-10-08 13:25:23,149.9,187.1,3000,111599.99999999997,0.248165443629086,25047.05,25107.4
PUT,2025-10-14,25050,2025-10-09 09:38:15,2025-10-09 10:39:17,71.05,60.0,3000,-33149.99999999999,-0.155524278676988,25089.3,25108.65
CALL,2025-10-14,25150,2025-10-10 09:19:44,2025-10-10 10:26:47,147.75,206.45,3000,176099.99999999997,0.3972927241962774,25219.25,25273.9
PUT,2025-10-14,25250,2025-10-13 09:27:14,2025-10-13 10:29:16,91.05,94.4,3000,10050.000000000025,0.036792970895112666,25195.65,25196.2
CALL,2025-10-14,25200,2025-10-13 10:36:16,2025-10-13 11:19:48,82.45,61.85,3000,-61800.00000000001,-0.24984839296543362,25208.65,25184.5
PUT,2025-10-20,25200,2025-10-15 09:41:45,2025-10-15 10:22:16,80.35,58.85,3000,-64499.99999999998,-0.267579340385812,25218.4,25263.3
CALL,2025-10-20,25400,2025-10-16 09:18:45,2025-10-16 10:40:47,133.15,152.6,3000,58349.99999999996,0.14607585429966194,25403.15,25454.4
CALL,2025-10-20,25550,2025-10-16 13:04:22,2025-10-16 14:17:55,95.05,119.05,3000,72000.0,0.2524986849026828,25518.65,25555.55
PUT,2025-10-20,25500,2025-10-17 09:20:44,2025-10-17 09:32:14,65.95,45.3,3000,-61950.000000000015,-0.3131159969673996,25540.7,25605.7
CALL,2025-10-20,25600,2025-10-17 09:32:14,2025-10-17 10:41:46,100.6,156.35,3000,167250.0,0.5541749502982107,25605.7,25684.15
CALL,2025-10-20,25750,2025-10-17 11:59:19,2025-10-17 12:52:51,111.55,78.8,3000,-98250.0,-0.2935903182429404,25741.7,25704.35
PUT,2025-10-20,25850,2025-10-17 12:41:20,2025-10-17 13:45:52,131.2,217.7,3000,259500.0,0.659298780487805,25759.8,25657.65
CALL,2025-10-20,25700,2025-10-17 14:04:23,2025-10-17 15:09:25,77.4,96.85,3000,58349.99999999996,0.2512919896640825,25665.75,25721.1
CALL,2025-10-28,26050,2025-10-23 10:05:46,2025-10-23 11:08:18,184.8,159.9,3000,-74700.00000000001,-0.13474025974025977,26078.0,26049.4
PUT,2025-10-28,25950,2025-10-23 14:21:54,2025-10-23 14:45:55,84.4,59.9,3000,-73500.00000000001,-0.2902843601895735,25941.05,25988.1
PUT,2025-10-28,25800,2025-10-24 10:40:17,2025-10-24 11:49:50,80.35,62.65,3000,-53099.999999999985,-0.2202862476664592,25826.35,25845.1
PUT,2025-10-28,25850,2025-10-24 12:50:21,2025-10-24 13:59:24,84.2,150.0,3000,197400.0,0.7814726840855107,25836.4,25738.35
PUT,2025-10-28,25750,2025-10-24 14:38:25,2025-10-24 15:30:00,78.35,62.4,3000,-47849.999999999985,-0.20357370772176128,25761.65,25794.9
CALL,2025-10-28,25850,2025-10-27 09:24:45,2025-10-27 10:55:48,135.15,200.0,3000,194549.99999999997,0.4798372179060303,25880.3,25958.6
PUT,2025-11-04,25950,2025-10-29 09:43:16,2025-10-29 10:29:17,114.35,85.1,3000,-87750.0,-0.25579361609094886,25966.2,26028.25
CALL,2025-11-04,25950,2025-10-29 09:31:15,2025-10-29 10:40:17,237.85,258.7,3000,62549.999999999985,0.08766029009880175,26013.85,26044.7
CALL,2025-11-04,25750,2025-10-31 11:45:49,2025-10-31 13:10:22,158.7,154.2,3000,-13500.0,-0.028355387523629493,25805.75,25810.3
CALL,2025-11-04,25750,2025-11-03 11:09:17,2025-11-03 11:45:48,104.75,80.4,3000,-73049.99999999999,-0.23245823389021475,25754.8,25721.7
PUT,2025-11-11,25500,2025-11-06 10:24:16,2025-11-06 11:34:49,91.35,88.9,3000,-7349.999999999965,-0.026819923371647382,25535.75,25528.55
PUT,2025-11-11,25450,2025-11-07 09:26:15,2025-11-07 10:24:47,144.65,131.15,3000,-40500.0,-0.09332872450743174,25337.85,25352.25
PUT,2025-11-11,25450,2025-11-07 11:45:19,2025-11-07 13:05:52,81.35,65.05,3000,-48899.99999999999,-0.20036877688998156,25451.7,25493.5
CALL,2025-11-11,25550,2025-11-07 13:35:53,2025-11-07 14:01:23,98.2,70.2,3000,-84000.0,-0.285132382892057,25541.0,25493.9
CALL,2025-11-11,25500,2025-11-10 09:19:44,2025-11-10 10:39:47,131.2,149.3,3000,54300.000000000065,0.1379573170731709,25563.2,25605.65
PUT,2025-11-18,25750,2025-11-12 09:37:45,2025-11-12 10:35:47,98.6,78.7,3000,-59699.99999999997,-0.20182555780933054,25782.7,25854.2
CALL,2025-11-18,25800,2025-11-12 09:49:15,2025-11-12 10:48:17,195.9,210.25,3000,43049.999999999985,0.07325165900969881,25856.2,25873.75
CALL,2025-11-18,25850,2025-11-13 09:32:15,2025-11-13 10:45:47,166.6,189.2,3000,67799.99999999999,0.13565426170468184,25874.9,25929.7
CALL,2025-11-18,25950,2025-11-13 14:24:54,2025-11-13 15:30:00,122.4,116.95,3000,-16350.00000000001,-0.044526143790849695,25899.25,25879.15
CALL,2025-11-18,25700,2025-11-14 10:51:17,2025-11-14 11:58:49,204.95,203.5,3000,-4349.999999999965,-0.00707489631617462,25789.25,25791.15
CALL,2025-11-18,25750,2025-11-14 14:04:53,2025-11-14 15:19:55,144.85,215.05,3000,210600.00000000006,0.48463928201587864,25764.55,25924.2
